8 6 2015 16 27 29 -1802.2388 -530.1860   6292.6663 -5.0115 -5.5885 -1.8849
8 6 2015 23 49 29  1016.7406  148.0966   6482.9157 -3.3169  6.9854  0.3633
9 6 2015  1 15 29  1067.7316 -1723.4555  6243.4576 -0.3343  7.4449  2.0998
9 6 2015  2 41 29 -146.4102  -3297.2875  5678.1733  2.3684  6.3607  3.7255
9 6 2015  4 29 29  3904.0046  2990.7402  4378.5762  3.3298  4.0640 -5.6711
9 6 2015  5 53 29  3035.1795  391.9986   5815.5390  6.2111  3.1038 -3.4132
9 6 2015  7 17 29  644.2771  -945.7001   6463.8848  7.6964  0.4542 -0.6885
8 6 2015 12 13 29  1887.2715 -5926.1681  2213.8589  1.5410 -2.2680 -7.2167
8 6 2015 13 37 29 -681.0537  -4956.3046  4282.0344  0.4763 -5.1187 -5.7743
8 6 2015 15  3 29 -2178.9477 -3255.6427  5282.6599 -1.9972 -5.9914 -4.4665
9 6 2015  8 41 29 -2023.4699 -326.9713   6236.0763  7.0092 -2.5044  2.1313
9 6 2015 10  5 29 -3579.2373  1924.1186  5163.7948  4.5084 -4.2296  4.6607