7 6 2015 11 24 43  1311.0087 -140.7141  -6532.3564 -4.2966  6.2135 -0.9970
7 6 2015 13 50 43 -827.1658  -4473.2992  4737.1971  0.3239 -5.6932 -5.2410
7 6 2015 16 41 51 -1810.6304 -489.0879   6275.5233 -5.1498 -5.4842 -1.8848
7 6 2015 19 6  36  5633.2299  371.1439  -3476.6335  3.8738  1.2034  6.5186
7 6 2015 21 58 38  2572.5931 -2747.8078 -5479.9439  5.4605 -3.2553  4.2467
7 6 2015 22 40 38 -1302.8039  2546.7084  5897.4084 -5.2187  4.7760 -3.1711
8 6 2015 0  22 38 -1954.3084  6138.4530  1440.8969 -1.2159  1.4447 -7.4828
8 6 2015 1  40 38  832.2858   3492.3737  5489.9051 -0.3581  6.5816 -4.0750
8 6 2015 3  28 38  2579.1553  5725.3693 -2133.9546 -1.6828 -1.8777 -7.2533
8 6 2015 4  54 38  4873.8513  4415.2699 -765.3880  -1.0695 -0.0431 -7.6200
8 6 2015 6  18 38  6104.9914  1977.4429  1542.8727  1.5491  1.2654 -7.4543
8 6 2015 7  42 38  5432.0965 -657.2775   3653.7635  4.4025  0.4763 -6.3428
8 6 2015 9  6  38  3201.4929 -2174.5253  5299.0276  6.0279 -2.0424 -4.4172
8 6 2015 10 30 38  548.1717  -1821.8493  6267.2263  5.5764 -5.0345 -1.9210