13 6 2015 11 34 34  399.6955   1802.7571 -6386.4505 -2.5730  6.9649   1.8157
13 6 2015 12 54 34  864.4642  -2632.9111 -6042.0825  0.3976  7.0167  -3.0145
13 6 2015 14 14 34 -1621.1333 -5542.3510 -3266.2900  1.9168  3.3202  -6.6525
13 6 2015 15 38 34 -4296.1442 -4938.9928 -1003.9816  1.2601  0.3903  -7.5839
13 6 2015 17 20 34 -2759.7734 -2042.5602 -5689.7674  6.2591  2.1649  -3.8318
13 6 2015 18 48 34 -3806.2507 -804.5831  -5385.9828  6.2603 -0.4014  -4.3874
13 6 2015 20 14 34 -4817.2709  1207.8006 -4406.6581  4.5698 -2.3641  -5.6833
13 6 2015 21 40 34 -4537.0523  3626.6970 -3204.0637  2.2948 -2.9824  -6.6936
13 6 2015 23 08 34 -2871.5556  5331.7263 -2701.2320  0.7339 -3.1028  -6.9909
14 6 2015  0 44 34 -798.0556   4133.1434 -5138.4594 -0.3899 -5.9760  -4.7733
14 6 2015  2  8 34  1561.1763  5517.4832 -3336.4643 -1.9212 -3.4112  -6.6042
14 6 2015  3 32 34  4244.8833  4964.3217 -1093.0062 -1.3267 -0.4775  -7.5668
14 6 2015  4 58 34  5941.1534  2882.1162  381.8796   0.1410  0.8240  -7.6619
14 6 2015  6 22 34  6022.2387  143.1589   2698.0667  3.1554  0.9089  -6.9860
14 6 2015  7 48 34  4853.1557 -2052.1453  3962.0072  4.6799 -0.8162  -6.0896
14 6 2015  9 36 34  4195.3504 -3139.8654 -4072.9482 -3.0657  3.6451  -6.0126