25-09-2019 20:38:46.921 -5557588.9 3154944.89 -2324140.64 -563.019775 -4955.87207 -5406.87451 
25-09-2019 20:39:01.718 -5564854.09 3085182.68 -2399543.99 -474.859558 -5009.98242 -5364.81396 
25-09-2019 20:39:12.718 -5569696.58 3029842.55 -2458370.76 -405.591797 -5051.75049 -5330.83105 
25-09-2019 20:39:27.718 -5575072.17 2953645.61 -2537977.65 -311.155731 -5107.63477 -5283.17432 
25-09-2019 20:39:42.519 -5579031.53 2876619.77 -2616858.39 -216.764771 -5162.26807 -5234.01172 
25-09-2019 20:39:53.519 -5581035.45 2819618.27 -2674229.71 -147.587402 -5201.52832 -5197.01025 
25-09-2019 20:40:04.519 -5582278.67 2762188.68 -2731189.64 -78.456749 -5240.10107 -5159.21289 
25-09-2019 20:40:20.121 -5582730.22 2677906.15 -2813288.13 21.9940243 -5294.96924 -5102.82568 
25-09-2019 20:40:31.921 -5582014.77 2614124.61 -2874262.69 97.2365875 -5335.14746 -5059.44971 
25-09-2019 20:40:47.121 -5579851.67 2533727.96 -2949739.82 191.154144 -5384.18604 -5003.93408 
25-09-2019 20:40:58.921 -5577107.67 2468887.23 -3009515.27 266.164856 -5422.46045 -4958.49561 
25-09-2019 20:41:10.519 -5573802.19 2409050.67 -3063825.95 334.817108 -5456.79199 -4916.05029 
25-09-2019 20:41:25.519 -5568078.93 2326854.76 -3137125.22 428.250763 -5502.43701 -4856.95947 
25-09-2019 20:41:40.519 -5560955.89 2243984.38 -3209527.75 521.451782 -5546.71924 -4796.48779 
25-09-2019 20:41:51.921 -5554252.07 2177216.26 -3266790.28 595.829468 -5581.15527 -4747.12744 
25-09-2019 20:42:06.921 -5544618.88 2093183.71 -3337526.98 688.552979 -5622.95313 -4684.21436 
25-09-2019 20:42:18.519 -5536671.72 2031166.83 -3388795.56 756.362305 -5652.7168 -4637.23047 
25-09-2019 20:42:34.121 -5523782.84 1940385.67 -3462436.39 854.689575 -5694.65869 -4567.62842 
25-09-2019 20:42:45.921 -5513085.41 1871866.46 -3516929.7 928.18335 -5725.05713 -4514.45703 
25-09-2019 20:43:00.921 -5498475.65 1785713.46 -3584141 1019.7276 -5761.76953 -4446.84033 
25-09-2019 20:43:12.921 -5485800.91 1716401.28 -3637173.85 1092.69043 -5790.10449 -4391.8374 
25-09-2019 20:43:28.320 -5468728.75 1629292.01 -3702528.87 1183.53442 -5824.2207 -4321.96289 
25-09-2019 20:43:39.519 -5455344.74 1565092.33 -3749784.92 1249.88745 -5848.31396 -4269.94092 
25-09-2019 20:43:55.121 -5434577.16 1471247.95 -3817491.14 1345.97913 -5881.95264 -4193.11279 
25-09-2019 20:44:10.519 -5413714.84 1382791.7 -3879839.86 1435.58997 -5911.96582 -4119.85693 
25-09-2019 20:44:22.121 -5396059.41 1311709.48 -3928922.18 1506.9325 -5934.90918 -4060.41016 
25-09-2019 20:44:33.718 -5379124.79 1246313.67 -3973283.97 1572.04907 -5955.10254 -4005.27002 
25-09-2019 20:45:27.121 -5285683.93 922290.165 -4182089.17 1887.5304 -6042.50098 -3725.89331 
25-09-2019 20:45:44.320 -5252763.76 819365.588 -4244659.16 1985.30652 -6065.94287 -3635.06226 
25-09-2019 20:46:00.921 -5218188.07 716059.208 -4305673.74 2082.29175 -6087.41699 -3542.90967 
25-09-2019 20:46:12.519 -5194939.81 649026.211 -4344314.48 2144.61108 -6100.25928 -3482.59351 
25-09-2019 20:46:24.320 -5168798.58 575743.717 -4385707.78 2212.19434 -6113.32178 -3416.18994 
25-09-2019 20:46:38.921 -5134985.8 483929.916 -4436322.75 2296.06885 -6128.25635 -3332.31763 
25-09-2019 20:46:54.519 -5099920.05 391903.74 -4485672.53 2379.25293 -6141.63721 -3247.50293 
25-09-2019 20:47:05.921 -5070972.37 318145.574 -4524232.04 2445.28955 -6151.22021 -3178.98901 
25-09-2019 20:47:21.121 -5033677.96 225795.992 -4571269.57 2527.18091 -6161.79248 -3092.53931 
25-09-2019 20:47:32.921 -5002961.48 151809.472 -4607961.83 2592.15845 -6169.12256 -3022.74927 
25-09-2019 20:47:47.921 -4963474.17 59212.5129 -4652644.05 2672.69409 -6176.87256 -2934.74463 
25-09-2019 20:47:59.519 -4933752.08 -8759.64165 -4684568.75 2731.25903 -6181.55615 -2869.67969 
25-09-2019 20:48:15.121 -4889375.41 -107709.35 -4729721.47 2815.68042 -6186.85547 -2774.26416 
25-09-2019 20:48:30.718 -4846551.95 -200539.211 -4770659.38 2893.98511 -6190.19238 -2684.0022 
25-09-2019 20:48:41.921 -4811451.37 -274831.743 -4802431.31 2956.03076 -6191.72363 -2611.24609 
25-09-2019 20:48:57.718 -4766533.94 -367713.28 -4840913.81 3032.82495 -6192.21338 -2519.63892 
25-09-2019 20:49:08.519 -4732865.77 -435824.869 -4868258.17 3088.59229 -6191.56543 -2452.00732 
25-09-2019 20:49:23.921 -4682804.84 -534872.643 -4906698.99 3168.8645 -6189.10107 -2352.97241 
25-09-2019 20:49:35.519 -4647646.64 -602938.484 -4932205.07 3223.46143 -6186.35938 -2284.44604 
25-09-2019 20:49:50.921 -4595441.62 -701878.596 -4967954.79 3302.00146 -6180.84814 -2184.15576 
25-09-2019 20:50:02.921 -4555467.77 -776017.912 -4993710.93 3360.21582 -6175.52979 -2108.47632 
25-09-2019 20:50:17.718 -4507953.76 -862424.555 -5022608.73 3427.37158 -6168.04053 -2019.70361 
25-09-2019 20:50:33.320 -4452508.59 -961033.641 -5054108.29 3503.10132 -6157.78906 -1917.64307 
25-09-2019 20:50:43.718 -4417243.41 -1022575.52 -5072964.37 3549.87158 -6150.46484 -1853.54077 
25-09-2019 20:50:58.921 -4359852.67 -1120879.94 -5101797.38 3623.79321 -6137.28125 -1750.49731 
25-09-2019 20:51:13.718 -4308672.37 -1206712.42 -5125670.4 3687.54199 -6124.26709 -1659.87256 
25-09-2019 20:51:29.121 -4249096.05 -1304570.65 -5151396.44 3759.3147 -6107.70605 -1555.80371 
25-09-2019 20:51:43.519 -4196031.79 -1389968.42 -5172537.77 3821.1543 -6091.74023 -1464.33289 
25-09-2019 20:51:54.718 -4153734.91 -1456904.08 -5188248.91 3869.10474 -6078.23193 -1392.20959 
25-09-2019 20:52:08.718 -4099145 -1541872.04 -5207095.49 3929.31104 -6059.81396 -1300.11267 
25-09-2019 20:52:23.320 -4039728.03 -1632611.86 -5225854.84 3992.78394 -6038.56104 -1201.08362 
25-09-2019 20:52:37.921 -3979367.08 -1723021.12 -5243126.18 4055.17358 -6015.73975 -1101.71606 
25-09-2019 20:52:48.320 -3938610.07 -1783098.7 -5253811.31 4096.15771 -5999.65576 -1035.29675 
25-09-2019 20:53:02.718 -3880866.96 -1866929.73 -5267653.27 4152.70947 -5975.97266 -942.09375 
25-09-2019 20:53:21.519 -3801248.47 -1980151.28 -5284348.46 4227.89648 -5941.66309 -815.23822 
25-09-2019 20:53:32.519 -3754506.28 -2045394.86 -5292911.26 4270.59521 -5920.66162 -741.623291 
25-09-2019 20:53:46.921 -3690016.77 -2133981.92 -5303281.56 4327.82764 -5890.68359 -641.060242 
25-09-2019 20:53:58.121 -3642183.37 -2198653.93 -5309927 4369.06348 -5867.71973 -567.197449 
25-09-2019 20:54:11.921 -3580654.38 -2280590.67 -5317208.94 4420.6377 -5837.29932 -473.067261 
25-09-2019 20:54:23.320 -3531807.94 -2344665.14 -5322005.45 4460.44092 -5812.46191 -399.025024 
25-09-2019 20:54:37.519 -3469012.51 -2425811.63 -5326931.58 4510.17676 -5779.66504 -304.703247 
25-09-2019 20:54:52.718 -3400967.49 -2512234 -5330743.57 4562.30811 -5743.05811 -203.561523 
25-09-2019 20:55:03.718 -3350575.55 -2575255.5 -5332574.57 4599.77051 -5715.25293 -129.352615 
25-09-2019 20:55:18.121 -3281202.38 -2660692.05 -5333755.63 4649.80078 -5676.03223 -28.128933 
25-09-2019 20:55:28.921 -3229856.57 -2722965.75 -5333656.69 4685.71094 -5646.31934 46.1086884 
25-09-2019 20:55:43.921 -3159210.27 -2807348.87 -5332205.8 4733.6084 -5604.51025 147.328766 
25-09-2019 20:55:58.718 -3092633.54 -2885531.05 -5329482.02 4777.19043 -5564.15234 241.764435 
25-09-2019 20:56:10.121 -3035087.64 -2952088.17 -5326095.34 4813.67773 -5528.53809 322.66333 
25-09-2019 20:56:26.121 -2957687.91 -3040155.5 -5320070.3 4861.0708 -5479.59473 430.436096 
25-09-2019 20:56:41.519 -2884447.04 -3121995.88 -5312856.67 4904.18896 -5432.20703 531.34906 
25-09-2019 20:56:53.519 -2825394.64 -3186949.63 -5305996.57 4937.76221 -5393.25684 611.973572 
25-09-2019 20:57:09.320 -2746040.75 -3272817.1 -5295346.01 4981.24512 -5339.89502 719.299438 
25-09-2019 20:57:25.121 -2666002.92 -3357817.81 -5282980.03 5023.25342 -5284.91357 826.395569 
25-09-2019 20:57:41.121 -2585304.79 -3441925.95 -5268902.58 5063.77832 -5228.32568 933.227722 
25-09-2019 20:57:52.519 -2529454.21 -3499219.21 -5258233.86 5090.77393 -5188.49707 1006.50385 
25-09-2019 20:58:07.121 -2452823.57 -3576632.09 -5242388.3 5126.44287 -5132.98193 1106.17859 
25-09-2019 20:58:21.519 -2380827.48 -3648123.88 -5226252.15 5158.53955 -5079.9248 1198.92847 
25-09-2019 20:58:32.921 -2318764.75 -3708805.33 -5211389.14 5185.12793 -5033.49951 1278.19543 
25-09-2019 20:58:47.121 -2245962.16 -3778888.93 -5192848.65 5215.06738 -4978.2417 1370.38184 
25-09-2019 20:58:57.921 -2188471 -3833406.97 -5177377.12 5237.771 -4934.00342 1442.57959 
25-09-2019 20:59:12.121 -2114946.05 -3902083.03 -5156539.53 5265.61963 -4876.66455 1534.15063 
25-09-2019 20:59:26.519 -2041039.45 -3969948.3 -5134422.54 5292.29102 -4818.17676 1625.34558 
25-09-2019 20:59:44.320 -1945482.46 -4055986.52 -5104115.26 5324.84668 -4741.30811 1742.00757 
25-09-2019 20:59:55.121 -1886804.47 -4107878.17 -5084562.67 5343.77637 -4693.41797 1812.95642 
25-09-2019 21:00:34.718 -1677174.28 -4287531.18 -5008984.63 5404.96338 -4518.1333 2062.21729 
25-09-2019 21:00:45.519 -1617633.41 -4336951 -4985917.02 5420.54297 -4467.1709 2131.83203 
25-09-2019 21:00:59.718 -1541613.24 -4399031.99 -4955453.76 5439.29883 -4401.35791 2219.96436 
25-09-2019 21:01:10.519 -1481703.95 -4447159.1 -4930655.03 5453.19141 -4348.90869 2288.82983 
25-09-2019 21:01:24.921 -1399771.38 -4511850.09 -4895621.59 5470.93701 -4276.35059 2382.17603 
25-09-2019 21:01:35.921 -1339523.75 -4558593.79 -4869043.11 5483.06934 -4222.39111 2450.20483 
25-09-2019 21:01:49.921 -1262658.94 -4617221.43 -4834137.16 5497.43115 -4152.80811 2536.24805 
25-09-2019 21:02:04.718 -1185601.53 -4674867.87 -4798030.95 5510.58301 -4082.22363 2621.66821 
25-09-2019 21:02:15.718 -1124932.35 -4719464.09 -4768825.52 5520.06592 -4026.07056 2688.33325 
25-09-2019 21:02:29.718 -1047573.2 -4775323.91 -4730598.22 5531.05273 -3953.73291 2772.58838 
25-09-2019 21:02:40.519 -986688.219 -4818499.24 -4699737.84 5538.83398 -3896.22119 2838.31177 
25-09-2019 21:02:54.718 -909081.489 -4872529.2 -4659419.42 5547.65283 -3822.17847 2921.33545 
25-09-2019 21:03:05.519 -848023.27 -4914250.16 -4626928.25 5553.72998 -3763.34644 2986.06519 
25-09-2019 21:03:19.718 -770223.178 -4966408.25 -4584550.32 5560.37988 -3687.64771 3067.79175 
25-09-2019 21:03:34.718 -686772.514 -5021108.5 -4537881.84 5566.15674 -3605.53784 3154.51782 
25-09-2019 21:03:45.921 -619956.122 -5063977.11 -4499614.56 5569.77393 -3539.11499 3223.2583 
25-09-2019 21:04:00.320 -541956.314 -5112977.66 -4453931.74 5572.86719 -3460.81079 3302.71777 
25-09-2019 21:04:14.519 -463921.699 -5160875.93 -4407142.15 5574.74658 -3381.64893 3381.36426 
25-09-2019 21:04:25.718 -402595.432 -5197729.25 -4369609.97 5575.37305 -3318.85962 3442.57446 
25-09-2019 21:04:39.519 -324540.887 -5243629.74 -4320872.85 5575.08838 -3238.2085 3519.72046 
25-09-2019 21:04:50.519 -263220.205 -5278898.88 -4281825.35 5574.01611 -3174.27026 3579.72754 
25-09-2019 21:05:01.320 -201915.42 -5313461.98 -4242120.76 5572.19775 -3109.84009 3639.18994 
25-09-2019 21:05:16.320 -118358.451 -5359445.98 -4186930.14 5568.51758 -3021.20386 3719.3811 
25-09-2019 21:05:27.921 -51559.0974 -5395271.78 -4141916.48 5564.57715 -2949.66211 3782.7771 
25-09-2019 21:05:41.921 26306.2825 -5435978.86 -4088444.79 5558.86377 -2865.50244 3855.87183 
25-09-2019 21:05:53.121 87425.0548 -5467133.33 -4045717.42 5553.53223 -2798.86353 3912.63721 
25-09-2019 21:06:07.519 165120.828 -5505720.15 -3990439.64 5545.67773 -2713.41187 3984.021 
25-09-2019 21:06:19.121 231623.696 -5537838.87 -3942268.2 5537.99414 -2639.61157 4044.42505 
25-09-2019 21:06:33.519 309086.443 -5574187.16 -3885158.23 5527.92383 -2552.87866 4113.96875 
25-09-2019 21:06:47.519 386399.839 -5609316.51 -3827081.73 5516.66455 -2465.48242 4182.49658 
25-09-2019 21:06:58.718 447030.509 -5636057.06 -3780781.5 5506.9873 -2396.36108 4235.61621 
25-09-2019 21:07:08.921 507550.726 -5662035.13 -3733900.49 5496.58057 -2326.85107 4288.08936 
25-09-2019 21:07:23.519 584404.165 -5693988.7 -3673405.05 5482.28369 -2237.83691 4353.92676 
25-09-2019 21:07:37.921 666515.368 -5726836.92 -3607574.45 5465.66406 -2141.80493 4423.27197 
25-09-2019 21:07:48.519 721113.303 -5747933.31 -3563113.57 5453.83838 -2077.41626 4468.80566 
25-09-2019 21:08:02.921 802781.037 -5778367.04 -3495575.54 5434.98633 -1980.29993 4536.04736 
25-09-2019 21:08:17.121 878740.514 -5805453.53 -3431638.34 5416.18994 -1889.09985 4597.64453 
25-09-2019 21:08:27.718 932832.164 -5824017.48 -3385444.87 5402.05713 -1823.63831 4640.94678 
25-09-2019 21:08:42.121 1013697.31 -5850632.8 -3315350.07 5379.7583 -1724.96606 4704.7998 
25-09-2019 21:08:52.921 1072780.73 -5869207.82 -3263343.7 5362.57129 -1652.25305 4750.77686 
25-09-2019 21:09:07.121 1147697.79 -5891689.24 -3196429.14 5339.67969 -1559.29419 4808.24121 
25-09-2019 21:09:18.121 1206331.58 -5908438.32 -3143294.03 5320.89893 -1485.94128 4852.55713 
25-09-2019 21:09:32.519 1280651.06 -5928585.87 -3074969.48 5295.98926 -1392.20093 4907.88428 
25-09-2019 21:09:42.921 1338795.56 -5943493.68 -3020747.62 5275.63086 -1318.26001 4950.50342 
25-09-2019 21:09:57.320 1412467.27 -5961288.64 -2951067.08 5248.72461 -1223.80457 5003.64941 
25-09-2019 21:10:08.121 1470083.24 -5974341.13 -2895801.33 5226.80615 -1149.32813 5044.53662 
25-09-2019 21:10:22.519 1543057.55 -5989766.48 -2824819.88 5197.92578 -1054.22461 5095.45752 
25-09-2019 21:10:33.121 1600106.24 -6000950.91 -2768553.94 5174.46582 -979.265503 5134.58057 
25-09-2019 21:10:47.320 1672334.11 -6013991.27 -2696327.72 5143.63574 -883.581604 5183.23535 
25-09-2019 21:10:58.121 1728777.22 -6023296.26 -2639106.1 5118.65332 -808.193176 5220.56201 
25-09-2019 21:11:12.519 1800210.23 -6033937.98 -2565692.26 5085.89844 -711.99707 5266.91113 
25-09-2019 21:11:23.121 1856009.96 -6041353.44 -2507560.24 5059.41455 -636.233215 5302.41113 
25-09-2019 21:11:36.921 1926600.31 -6049584.58 -2433016.91 5024.76172 -539.593689 5346.41602 
25-09-2019 21:11:47.519 1976721.31 -6054634.85 -2379399.09 4999.36621 -470.430756 5377.03613 
25-09-2019 21:12:01.921 2051420 -6060912.15 -2298406.74 4960.27393 -366.495209 5421.68604 
25-09-2019 21:12:12.320 2100889.5 -6064230.21 -2244044.76 4933.55225 -297.089111 5450.59375 
25-09-2019 21:12:23.121 2154994.07 -6067077.91 -2183916.96 4903.55225 -220.646622 5481.59375 
25-09-2019 21:12:37.121 2223371.24 -6069485.27 -2106905.39 4864.45996 -123.227539 5519.83057 
25-09-2019 21:12:51.121 2291194.08 -6070527.86 -2029368.07 4824.35645 -25.6849728 5556.69385 
25-09-2019 21:13:01.519 2339291.84 -6070436.1 -1973673.03 4795.09766 44.05159 5582.17871 
25-09-2019 21:13:15.718 2406131.74 -6069135.6 -1895279.37 4753.28418 141.753952 5616.66553 
25-09-2019 21:13:26.320 2458233.93 -6067153.93 -1833351.56 4719.74072 218.565201 5642.78223 
25-09-2019 21:13:40.718 2524006.45 -6063409.55 -1754127.05 4676.17871 316.363831 5674.76611 
25-09-2019 21:13:54.921 2593792.37 -6057878.14 -1668758.25 4628.43506 421.172668 5707.46533 
25-09-2019 21:14:09.121 2658272.67 -6051297.06 -1588648.72 4582.88721 518.993408 5736.51221 
25-09-2019 21:14:20.121 2708484.44 -6045165.56 -1525426.26 4546.43848 595.836975 5758.33252 
25-09-2019 21:14:34.320 2771805.03 -6036139.55 -1444622.51 4499.21729 693.599304 5784.82129 
25-09-2019 21:14:48.718 2834458.03 -6025745.28 -1363458 4451.07471 791.297668 5809.86816 
25-09-2019 21:14:59.921 2887619.56 -6015747.7 -1293616.64 4409.08545 874.971069 5830.18359 
25-09-2019 21:15:11.519 2935905.04 -6005701.55 -1229386.54 4370.01465 951.603699 5847.86816 
25-09-2019 21:15:22.718 2983757.7 -5994812.86 -1164966.87 4330.39404 1028.16003 5864.65186 
25-09-2019 21:15:36.921 3048302.97 -5978608.48 -1076834.28 4275.4917 1132.41223 5886.08301 
25-09-2019 21:15:50.921 3107795.76 -5962074.69 -994298.07 4223.35059 1229.54358 5904.56348 
25-09-2019 21:16:01.921 3154024.39 -5948130.67 -929272.88 4181.78223 1305.73022 5918.05078 
25-09-2019 21:16:15.921 3212194.59 -5929172.86 -846307.556 4128.12354 1402.50989 5933.89697 
25-09-2019 21:16:26.718 3253281.91 -5914802.8 -786915.924 4089.28564 1471.49988 5944.30859 
25-09-2019 21:16:41.121 3314179.43 -5891955.7 -697642.723 4030.24316 1574.74866 5958.50586 
25-09-2019 21:16:56.121 3374184.33 -5867562.15 -608169.375 3970.27222 1677.68933 5970.99463 
25-09-2019 21:17:06.921 3417612.6 -5848693.47 -542443.234 3925.71265 1752.96753 5979.06494 
25-09-2019 21:17:20.921 3472171.5 -5823482.97 -458672.06 3868.30127 1848.49792 5988.00244 
25-09-2019 21:17:31.921 3514472.09 -5802737.85 -392770.369 3822.65112 1923.32556 5993.9751 
25-09-2019 21:17:45.921 3567578.53 -5775146.55 -308809.167 3763.87329 2018.24707 6000.23877 
25-09-2019 21:17:56.718 3605005.29 -5754626.14 -248788.392 3721.43164 2085.82178 6003.79492 
25-09-2019 21:18:10.921 3660344.96 -5722580.98 -158700.123 3657.06616 2186.81006 6007.69287 
25-09-2019 21:18:21.519 3696699 -5700377.47 -98614.38 3613.69507 2253.87476 6009.3335 
25-09-2019 21:18:36.320 3750412.31 -5665817.47 -8464.58222 3547.95996 2354.06055 6010.35742 
25-09-2019 21:18:50.921 3803133.59 -5629758.54 81687.6268 3481.42603 2453.72852 6009.65479 
25-09-2019 21:19:01.718 3837724.11 -5604890.43 141777.651 3436.6355 2519.87256 6008.22803 
25-09-2019 21:19:15.921 3888765.8 -5566351.18 231876.342 3368.8103 2618.61743 6004.64941 
25-09-2019 21:19:30.921 3938784.46 -5526335.16 321908.419 3300.23462 2716.77271 5999.34619 
25-09-2019 21:19:41.121 3971556.38 -5498841.83 381880.022 3254.10938 2781.86865 5994.85303 
25-09-2019 21:19:55.718 4016658.76 -5459260.55 465756.63 3188.9978 2872.52759 5987.27686 
25-09-2019 21:20:09.921 4063966.19 -5415448.24 555494.523 3118.5564 2969.02466 5977.49658 
25-09-2019 21:20:20.320 4094915.23 -5385438.09 615232.713 3071.21411 3032.97705 5970.02197 
25-09-2019 21:20:34.921 4140447.39 -5339227.64 704690.34 2999.64307 3128.31763 5957.38037 
25-09-2019 21:20:49.121 4181971.24 -5294812.29 788001.961 2932.25415 3216.64502 5944.03662 
25-09-2019 21:21:03.718 4222547.76 -5249164.94 871116.342 2864.31226 3304.31665 5929.20459 
25-09-2019 21:21:13.921 4253759.75 -5212440.94 936268.576 2810.55176 3372.72778 5916.50928 
25-09-2019 21:21:28.519 4292625.76 -5164616.97 1018979.01 2741.66113 3459.17651 5899.0293 
25-09-2019 21:21:42.519 4330523.72 -5115587.7 1101434.36 2672.26099 3544.91113 5880.07178 
25-09-2019 21:21:53.718 4359616.99 -5076225.75 1166028.31 2617.3855 3611.76025 5864.14307 
25-09-2019 21:22:04.718 4388104.98 -5036130.99 1230442.07 2562.21289 3678.14624 5847.30762 
25-09-2019 21:22:18.921 4425971 -4980284.69 1317970.6 2486.5127 3767.9082 5822.89355 
25-09-2019 21:22:29.718 4450582.48 -4942308.71 1376114.07 2435.75684 3827.24878 5805.68652 
25-09-2019 21:22:44.718 4486545.22 -4884237.23 1462997.37 2359.20386 3915.48999 5778.48584 
25-09-2019 21:22:55.320 4512186.18 -4840813.92 1526445.95 2302.75562 3979.60107 5757.48193 
25-09-2019 21:23:06.320 4537204.8 -4796688.24 1589658.59 2246.0542 4043.19409 5735.5874 
25-09-2019 21:23:20.519 4568142.31 -4739521.51 1669754.37 2173.5354 4123.36719 5706.43896 
25-09-2019 21:23:35.320 4600159.9 -4677032.99 1755106.8 2095.41479 4208.29688 5673.62158 
25-09-2019 21:23:46.121 4622893.06 -4630402.42 1817379.31 2037.86023 4269.92773 5648.51758 
25-09-2019 21:23:56.921 4644991.93 -4583096.98 1879370.87 1980.08936 4330.99756 5622.54004 
25-09-2019 21:24:11.320 4672196.71 -4521923.86 1957847.77 1906.26294 4407.89648 5588.21973 
25-09-2019 21:24:22.121 4692845.46 -4473107.95 2019165.21 1848.03076 4467.65674 5560.27148 
25-09-2019 21:24:36.121 4718197.47 -4410033.44 2096752.86 1773.64355 4542.85938 5523.45654 
25-09-2019 21:24:50.718 4742506 -4345912.89 2173815.4 1698.96545 4617.08691 5485.25781 
25-09-2019 21:25:01.519 4760870.95 -4294807.61 2233983.58 1640.09656 4674.7124 5454.2793 
25-09-2019 21:25:16.121 4784868.7 -4224103.88 2315472.64 1559.56274 4752.28906 5410.67725 
25-09-2019 21:25:30.519 4806174.89 -4157071.47 2390928.94 1484.14551 4823.63086 5368.57715 
25-09-2019 21:25:44.519 4826423.63 -4089047.56 2465786.4 1408.50208 4893.92871 5325.13135 
25-09-2019 21:25:55.320 4841589.53 -4034914.23 2524170.65 1348.91992 4948.41943 5290.05859 
25-09-2019 21:26:09.921 4861212.73 -3960137.38 2603154.78 1267.47791 5021.65479 5240.91406 
25-09-2019 21:26:24.121 4878424.2 -3889362.62 2676198.44 1191.28015 5088.87598 5193.68555 
25-09-2019 21:26:34.921 4891198.43 -3833098.33 2733120.55 1131.29639 5140.91602 5155.66357 
25-09-2019 21:26:48.921 4906501.38 -3760667.82 2804954.47 1054.82202 5206.146 5106.11865 
25-09-2019 21:26:59.921 4917773.48 -3703122.27 2860903.42 994.641846 5256.60059 5066.29248 
25-09-2019 21:27:13.921 4931161.68 -3629086.45 2931470.19 917.944397 5319.78809 5014.47168 
25-09-2019 21:27:28.718 4943475.4 -3554174.15 3001302.66 841.145508 5381.80908 4961.39453 
25-09-2019 21:27:39.320 4952395.81 -3494710.32 3055644.49 780.743347 5429.71191 4918.81836 
25-09-2019 21:27:53.921 4963488.75 -3412782.2 3128983.84 698.30719 5493.8457 4859.53418 
25-09-2019 21:28:07.718 4972102.04 -3341007.34 3191817.57 626.812134 5548.30664 4807.02393 
25-09-2019 21:28:18.519 4978664.11 -3279726.57 3244446.63 566.290283 5593.56543 4761.78027 
25-09-2019 21:28:29.320 4984560.35 -3217952.14 3296573.96 505.753235 5638.06299 4715.7998 
25-09-2019 21:28:43.718 4991101.49 -3138629.46 3362179.46 428.696777 5693.5835 4656.22559 
25-09-2019 21:28:54.921 4995849.57 -3070026.26 3417743.03 362.651886 5740.1709 4604.2334 
25-09-2019 21:29:09.121 5000387.44 -2989290.47 3481771.49 285.618378 5793.34277 4542.50488 
25-09-2019 21:29:19.519 5002968.6 -2931170.74 3526973.04 230.615585 5830.53711 4497.71533 
25-09-2019 21:29:33.921 5005809.33 -2843301.99 3593928.38 148.159271 5885.08984 4429.45557 
25-09-2019 21:29:44.718 5007016.26 -2784273.05 3637992.3 93.2291031 5920.62598 4383.23975 
25-09-2019 21:29:55.519 5007709.68 -2718934.91 3685925.37 32.8519287 5958.93994 4331.75635 
25-09-2019 21:30:13.320 5007412.72 -2611122.72 3763128.41 -65.8227234 6019.86719 4246.06934 
25-09-2019 21:30:24.519 5006357.46 -2544704.86 3809542.97 -126.035133 6056.01074 4192.8374 
25-09-2019 21:30:35.121 5004640.29 -2477894 3855368.41 -186.170547 6091.32031 4138.95752 
25-09-2019 21:30:49.320 5001498.89 -2392308.13 3912828.49 -262.582672 6135.0459 4069.45874 
25-09-2019 21:31:03.519 4997288.77 -2306119.7 3969308.43 -338.840912 6177.40039 3998.94092 
25-09-2019 21:31:17.921 4991594.56 -2213128.17 4028718.95 -420.356964 6221.24756 3922.27588 
25-09-2019 21:31:28.921 4986642.53 -2144522.63 4071551.35 -479.999786 6252.38623 3865.33716 
25-09-2019 21:31:42.718 4979945.34 -2063008.57 4121359.18 -550.326904 6288.07178 3797.27637 
25-09-2019 21:31:53.718 4973565.19 -1993678.34 4162809.46 -609.690186 6317.31738 3739.04565 
25-09-2019 21:32:08.121 4963814.11 -1898628.35 4218293.96 -690.412292 6355.78711 3658.71118 
25-09-2019 21:32:22.718 4953622.46 -1809404.98 4268985.47 -765.5 6390.21338 3582.7832 
25-09-2019 21:32:32.921 4944878.42 -1738968.81 4308064.98 -824.315613 6416.25488 3522.49585 
25-09-2019 21:32:47.121 4932815.46 -1648916.86 4356838.31 -898.927368 6448.10938 3444.98047 
25-09-2019 21:33:01.921 4918734.02 -1551949.58 4407884.18 -978.548157 6480.62744 3360.97241 
25-09-2019 21:33:16.320 4904516.08 -1461017.53 4454383.8 -1052.54529 6509.46436 3281.6936 
25-09-2019 21:33:31.121 4888135.55 -1363154.28 4502966.48 -1131.47205 6538.73145 3195.84155 
25-09-2019 21:33:41.718 4876558.71 -1297673.7 4534636.5 -1183.8761 6557.30176 3138.0957 
25-09-2019 21:33:53.121 4861976.09 -1218857.54 4571875.29 -1246.52625 6578.58789 3068.27271 
25-09-2019 21:34:07.121 4844015.07 -1126591.71 4614256.8 -1319.28247 6602.04053 2986.10083 
25-09-2019 21:34:21.121 4825038.07 -1034008 4655482.66 -1391.66284 6623.99854 2903.18237 
25-09-2019 21:34:28.718 4815170.25 -987603.485 4675658.99 -1427.7074 6634.41553 2861.44971 
25-09-2019 21:34:42.718 4794679.41 -894582.276 4715132.14 -1499.49597 6654.12109 2777.4502 
25-09-2019 21:34:56.921 4771613 -794622.826 4756114.14 -1575.95386 6673.56006 2686.68091 
25-09-2019 21:35:10.921 4749052.79 -701075.503 4793130.58 -1646.87085 6690.13428 2601.26685 
25-09-2019 21:35:21.718 4732332.02 -634119.189 4818836.5 -1697.25537 6701.04297 2539.85742 
25-09-2019 21:35:36.519 4706309.05 -533489.893 4856239.9 -1772.39685 6715.94873 2447.13843 
25-09-2019 21:35:47.121 4686511.29 -459559.843 4882782.37 -1827.15955 6725.76563 2378.69702 
25-09-2019 21:36:01.121 4660445.71 -365319.776 4915471.39 -1896.42798 6736.89258 2291.06006 
25-09-2019 21:36:12.121 4639287.38 -291171.2 4940292.48 -1950.50732 6744.55859 2221.80005 
25-09-2019 21:36:26.921 4609479.95 -189934.125 4972907.85 -2023.74805 6753.48291 2126.8042 
25-09-2019 21:36:41.121 4580672.22 -95336.7367 5002059.27 -2091.56812 6760.21729 2037.59045 
25-09-2019 21:36:52.320 4557373.74 -20950.569 5024085.59 -2144.48169 6764.42578 1967.13574 
25-09-2019 21:37:06.718 4526882.45 73780.7256 5050995.37 -2211.33936 6768.40283 1877.02905 
25-09-2019 21:37:17.320 4502270.71 148245.007 5071251.8 -2263.47998 6770.44287 1805.90088 
25-09-2019 21:37:31.921 4467788.8 249812.834 5097610.22 -2334.0144 6771.68359 1708.46143 
25-09-2019 21:37:45.921 4434655.43 344614.756 5120889.53 -2399.2439 6771.23633 1617.07556 
25-09-2019 21:37:57.121 4407983.92 419091.059 5138281.16 -2450.07886 6769.79736 1544.98804 
25-09-2019 21:38:11.121 4373233.14 513847.185 5159266.88 -2514.23657 6766.58008 1452.89722 
25-09-2019 21:38:22.121 4345301.42 588260.298 5174849.64 -2564.21338 6762.96387 1380.28455 
25-09-2019 21:38:32.921 4316822.08 662628.366 5189632.5 -2613.80249 6758.38916 1307.45911 
25-09-2019 21:38:43.921 4287799.41 736940.847 5203613.15 -2662.99805 6752.85645 1234.43225 
25-09-2019 21:38:58.320 4250082.58 831423.343 5220243.12 -2725.03174 6744.42969 1141.21533 
25-09-2019 21:39:12.718 4211501.87 925777.014 5235566.05 -2786.40576 6734.45215 1047.71375 
25-09-2019 21:39:23.921 4177752.19 1006532.6 5247656.77 -2838.47778 6724.66699 967.360596 
25-09-2019 21:39:37.718 4140488.47 1093877.17 5259665.65 -2894.32373 6712.78223 880.111755 
25-09-2019 21:39:48.121 4108393.31 1167657.35 5268940.23 -2941.11157 6701.68408 806.13739 
25-09-2019 21:40:03.121 4063802.51 1268059.46 5280274.64 -3004.21362 6685.01367 705.065491 
25-09-2019 21:40:17.718 4021335.74 1361531.05 5289484.26 -3062.36963 6667.85742 610.549316 
25-09-2019 21:40:32.121 3974938.02 1461400.11 5297882.06 -3123.87427 6647.76709 509.113922 
25-09-2019 21:40:42.921 3940329.98 1534438.98 5303072.84 -3168.44067 6631.91357 434.633911 
25-09-2019 21:40:57.121 3895578.7 1627136.44 5308493.74 -3224.49463 6610.36768 339.746216 
25-09-2019 21:41:08.519 3859869.63 1699752.1 5311820.72 -3268.00684 6592.36523 265.131195 
25-09-2019 21:41:22.718 3813733.92 1791876.77 5314867.6 -3322.70264 6568.09082 170.109482 
25-09-2019 21:41:33.519 3776950.49 1864015.63 5316328.14 -3365.13428 6547.9502 95.4188766 
25-09-2019 21:41:47.921 3726044.4 1962019.44 5316995.55 -3422.21558 6518.97607 -6.45292521 
25-09-2019 21:41:58.718 3691634.28 2027108.23 5316591.55 -3459.76392 6498.69531 -74.3679276 
25-09-2019 21:42:13.121 3639320.17 2124351.53 5314712.26 -3515.31885 6466.83105 -176.219482 
25-09-2019 21:42:27.320 3589747.84 2214669.56 5311580.16 -3566.32959 6435.53467 -271.235413 
25-09-2019 21:42:38.121 3550300.6 2285320.04 5308186.31 -3605.83374 6409.89453 -345.844055 
25-09-2019 21:42:52.718 3499471.36 2374822.28 5302680.39 -3655.37109 6375.93066 -440.721405 
25-09-2019 21:43:03.121 3459051.08 2444805.63 5297422.93 -3693.70605 6348.20264 -515.191467 
25-09-2019 21:43:13.921 3418211.99 2514478.96 5291346.74 -3731.51929 6319.56152 -589.581726 
25-09-2019 21:43:28.121 3365638.33 2602689.9 5282430.76 -3778.88354 6281.79395 -684.126709 
25-09-2019 21:43:38.921 3323868.89 2671621.39 5274497.48 -3815.49512 6251.09131 -758.292969 
25-09-2019 21:44:18.718 3172596.39 2913186.05 5239811.3 -3940.95581 6135.00244 -1020.22308 
25-09-2019 21:44:32.718 3117118.62 2998766.72 5224873.05 -3984.31665 6090.60156 -1113.79224 
25-09-2019 21:44:43.320 3073106.85 3065566.59 5212218.04 -4017.75586 6054.71436 -1187.11646 
25-09-2019 21:44:57.921 3012504.16 3156011.47 5193663.38 -4062.45459 6004.36621 -1286.80615 
25-09-2019 21:45:08.718 2971733.27 3215883.23 5180464.04 -4091.67236 5969.90186 -1353.06238 
25-09-2019 21:45:23.320 2910034.95 3305035.73 5159424.88 -4134.62061 5916.86572 -1452.12 
25-09-2019 21:45:37.519 2851875.48 3387516.64 5138450.42 -4173.74756 5865.92529 -1544.198 
25-09-2019 21:45:48.320 2805798.4 3451816.94 5121067.76 -4203.83643 5824.93213 -1616.27515 
25-09-2019 21:46:06.320 2729695.37 3556048.67 5090917.44 -4251.82373 5756.02979 -1733.67603 
25-09-2019 21:46:20.718 2669915.21 3636248.44 5066009.94 -4288.06738 5700.88818 -1824.49475 
25-09-2019 21:46:35.121 2605309.73 3721309.14 5037916.11 -4325.84326 5640.31641 -1921.29346 
25-09-2019 21:46:45.718 2561928.17 3777506.56 5018381.99 -4350.4165 5599.08496 -1985.52124 
25-09-2019 21:47:00.121 2496401.21 3861021.14 4987879.71 -4386.35547 5535.97412 -2081.38525 
25-09-2019 21:47:14.718 2434763.52 3938104.25 4958117.39 -4418.89502 5475.71387 -2170.31982 
25-09-2019 21:47:29.121 2368225.53 4019746.56 4924851.93 -4452.67822 5409.71191 -2265.00391 
25-09-2019 21:47:39.921 2319113.34 4078982.59 4899557.13 -4476.73828 5360.37402 -2334.0271 
25-09-2019 21:47:54.519 2256229.84 4153581.59 4866269.03 -4506.48145 5296.4458 -2421.35205 
25-09-2019 21:48:08.718 2192936.86 4227276.79 4831762.6 -4535.23682 5231.26074 -2508.07129 
25-09-2019 21:48:23.121 2124684.29 4305213.1 4793449.26 -4564.94336 5160.04004 -2600.28784 
25-09-2019 21:48:37.718 2060587.26 4376980.68 4756446.95 -4591.63672 5092.29541 -2685.68359 
25-09-2019 21:48:48.718 2009967.35 4432699.02 4726537.81 -4611.90771 5038.21631 -2752.30981 
25-09-2019 21:49:03.718 1940587.68 4507711.74 4684576.19 -4638.5498 4963.27832 -2842.47681 
25-09-2019 21:49:14.320 1889459.81 4562001.31 4652947.93 -4657.35156 4907.4585 -2908.08179 
25-09-2019 21:49:28.718 1824094.71 4630202.28 4611654.27 -4680.37793 4835.36914 -2990.92822 
25-09-2019 21:49:39.121 1772514.54 4683075.86 4578398.72 -4697.75781 4777.91504 -3055.49829 
25-09-2019 21:49:53.921 1701876.76 4754149.91 4531910.78 -4720.4458 4698.43262 -3142.78564 
25-09-2019 21:50:04.718 1654599.63 4800866.06 4500194.33 -4734.92041 4644.72461 -3200.47754 
25-09-2019 21:50:18.921 1583419.07 4869926.14 4451543.04 -4755.65381 4563.09814 -3286.24731 
25-09-2019 21:50:29.718 1535796.39 4915281.87 4418397.13 -4768.82227 4507.97949 -3342.9043 
25-09-2019 21:50:44.718 1464122.01 4982275.09 4367621.3 -4787.59229 4424.26611 -3427.0874 
25-09-2019 21:50:58.718 1396979.57 5043661.25 4319097.57 -4804.04492 4345.0293 -3504.77075 
25-09-2019 21:51:09.121 1344067.45 5091110.58 4280212.52 -4816.24854 4282.03564 -3565.1936 
25-09-2019 21:51:19.921 1291024.68 5137863.46 4240665.82 -4827.81445 4218.40332 -3625.06543 
25-09-2019 21:51:34.121 1223337.71 5196348.88 4189386.4 -4841.61133 4136.50684 -3700.45508 
25-09-2019 21:51:48.718 1155464.82 5253680.71 4137058 -4854.37256 4053.60889 -3774.91821 
25-09-2019 21:51:59.519 1102015.15 5297908.83 4095215.46 -4863.67236 3987.78369 -3832.76343 
25-09-2019 21:52:13.921 1028971.43 5357046.4 4037138.53 -4875.32178 3897.06055 -3910.68677 
25-09-2019 21:52:24.921 975299.636 5399544.78 3993810.29 -4883.10742 3829.83691 -3967.11768 
25-09-2019 21:52:35.718 926435.654 5437535.41 3953885.06 -4889.62939 3768.22437 -4017.88672 
25-09-2019 21:52:50.121 853024.026 5493360.25 3893051.72 -4898.41797 3674.92822 -4093.07593 
25-09-2019 21:53:00.921 799109.721 5533404.98 3847728.39 -4904.10498 3605.85425 -4147.46826 
25-09-2019 21:53:15.121 730407.069 5583266.96 3789184.83 -4910.41553 3517.15454 -4215.7666 
25-09-2019 21:53:26.519 676368.811 5621569.43 3742519.97 -4914.64502 3446.85571 -4268.68994 
25-09-2019 21:53:40.519 607531.587 5669194.72 3682292.55 -4919.10059 3356.62915 -4335.09131 
25-09-2019 21:53:54.921 533716.647 5718813.33 3616740.4 -4922.72266 3259.04126 -4405.03027 
25-09-2019 21:54:09.320 464781.383 5763797.34 3554620.06 -4925.0293 3167.12524 -4469.16455 
25-09-2019 21:54:20.320 410599.67 5798235.87 3505186.03 -4926.11475 3094.35474 -4518.77051 
25-09-2019 21:54:34.921 336703.314 5843902.25 3436904.3 -4926.56494 2994.36157 -4585.28809 
25-09-2019 21:54:45.921 282513.011 5876434.3 3386202.04 -4926.14063 2920.48853 -4633.22998 
25-09-2019 21:54:59.718 218481.003 5913830.03 3325606.97 -4924.81787 2832.6062 -4688.96484 
25-09-2019 21:55:14.121 144627.225 5955553.87 3254798.31 -4922.1875 2730.44702 -4752.01416 
25-09-2019 21:55:24.921 90497.4701 5985174.34 3202276.19 -4919.5083 2655.03003 -4797.3833 
25-09-2019 21:55:35.718 41317.0206 6011380.3 3154099.07 -4916.52246 2586.11157 -4837.98389 
25-09-2019 21:55:43.320 1995.78852 6031847.82 3115266.97 -4913.75781 2530.7373 -4870.01953 
25-09-2019 21:55:50.519 -32391.1362 6049392.87 3081079.85 -4911.06396 2482.11377 -4897.72412 
25-09-2019 21:56:11.921 -140327.47 6102310.02 2972389.08 -4900.93701 2328.28882 -4982.79053 
25-09-2019 21:56:26.121 -208887.318 6134216.14 2902261.13 -4893.18408 2229.63379 -5035.32275 
25-09-2019 21:56:36.718 -257788.658 6156158.62 2851723.84 -4887.0249 2158.81567 -5072.07373 
25-09-2019 21:56:47.320 -311505.813 6179475.65 2795712.32 -4879.65332 2080.59009 -5111.75146 
25-09-2019 21:57:01.320 -379749.976 6207904.27 2723801.13 -4869.37061 1980.55371 -5161.10596 
25-09-2019 21:57:12.121 -433265.167 6229256.36 2666820.17 -4860.58594 1901.5929 -5198.97852 
25-09-2019 21:57:26.519 -501229.838 6255172.67 2593703.99 -4848.51074 1800.65747 -5246.01611 
25-09-2019 21:57:37.320 -554507.847 6274542.16 2535799.11 -4838.32227 1721.01941 -5282.05273 
25-09-2019 21:57:51.121 -622148.356 6297924.64 2461536.36 -4824.4668 1619.25916 -5326.73535 
25-09-2019 21:58:05.320 -689587.95 6319879.44 2386657.37 -4809.62109 1517.06946 -5370.0835 
25-09-2019 21:58:15.718 -737628.413 6334684.11 2332805.49 -4798.4126 1443.82703 -5400.22363 
25-09-2019 21:58:30.121 -809472.684 6355515.34 2251471.16 -4780.66064 1333.59424 -5444.13818 
25-09-2019 21:58:43.921 -876279.832 6373463.27 2174974.91 -4763.07959 1230.33325 -5483.71338 
25-09-2019 21:58:54.718 -923845.153 6385396.93 2120000.28 -4749.92627 1156.36621 -5511.14063 
25-09-2019 21:59:09.121 -994940.333 6401908.49 2037032.87 -4729.27051 1045.10986 -5550.95996 
25-09-2019 21:59:19.921 -1046875.54 6412954.96 1975816.73 -4713.42041 963.303711 -5579.14697 
25-09-2019 21:59:34.718 -1112717.18 6425711.03 1897464.96 -4692.39258 858.940369 -5613.77344 
25-09-2019 21:59:45.921 -1168913.76 6435480.59 1829927.55 -4673.61035 769.283325 -5642.33398 
25-09-2019 21:59:56.519 -1215569.23 6442799.33 1773388.79 -4657.42725 694.437805 -5665.3418 
25-09-2019 22:00:21.921 -1336092.87 6458320.08 1625346.28 -4613.10596 499.347015 -5721.76709 
25-09-2019 22:00:36.121 -1400500.9 6464574.08 1545041.8 -4587.90869 394.045074 -5750.10596 
25-09-2019 22:00:50.718 -1464549.7 6469352.8 1464350.65 -4561.78711 288.597443 -5777.00439 
25-09-2019 22:01:05.121 -1532760.13 6472833.65 1377489.72 -4532.78271 175.484055 -5804.21875 
25-09-2019 22:01:16.121 -1582500.5 6474307.48 1313538.81 -4510.84912 92.4633331 -5823.11621 
25-09-2019 22:01:33.921 -1663363.99 6474748.56 1208458.67 -4473.75537 -43.4838371 -5852.09619 
25-09-2019 22:01:48.320 -1725788.35 6473399.39 1126381.86 -4443.88232 -149.2733 -5872.96191 
25-09-2019 22:02:02.921 -1792200.29 6470310.14 1038130.2 -4410.89209 -262.639801 -5893.68652 
25-09-2019 22:02:21.921 -1875598.89 6463956.02 925919.948 -4367.6582 -406.221558 -5917.50586 
25-09-2019 22:02:36.121 -1936516.83 6457528.69 842962.79 -4334.77881 -511.974121 -5933.31152 
25-09-2019 22:02:54.121 -2014153.01 6447090.27 735996.6 -4291.24463 -647.842163 -5951.45068 
25-09-2019 22:03:08.320 -2073987.49 6437281.49 652587.979 -4256.41406 -753.409058 -5963.85693 
25-09-2019 22:03:22.519 -2133328.45 6425995.59 569016.106 -4220.74414 -858.854248 -5974.771 
25-09-2019 22:03:36.519 -2192164.22 6413234.47 485301.893 -4184.24365 -964.153015 -5984.18994 
25-09-2019 22:03:49.921 -2250483.22 6399000.32 401466.288 -4146.9209 -1069.28076 -5992.11182 
25-09-2019 22:04:04.320 -2308274.01 6383295.73 317530.265 -4108.78564 -1174.21289 -5998.53418 
25-09-2019 22:04:17.921 -2365525.27 6366123.61 233514.826 -4069.84668 -1278.92468 -6003.45654 
25-09-2019 22:04:36.519 -2438323.27 6341894.07 125412.107 -4018.6167 -1413.19104 -6007.57813 
25-09-2019 22:04:50.519 -2494299.54 6321380.36 41294.0815 -3977.87646 -1517.30713 -6009.06689 
25-09-2019 22:05:04.519 -2549700.03 6299411.11 -42834.2712 -3936.36426 -1621.12256 -6009.05322 
25-09-2019 22:05:18.718 -2604514.01 6275990.69 -126951.916 -3894.0896 -1724.61267 -6007.53662 
25-09-2019 22:05:37.320 -2677947.33 6241893.22 -241056.808 -3835.51587 -1864.49976 -6003.07715 
25-09-2019 22:05:51.921 -2735127 6213100.72 -331063.818 -3788.31152 -1974.44238 -5997.604 
25-09-2019 22:06:05.718 -2784105.35 6186815.82 -408993.973 -3746.72559 -2069.3479 -5991.46875 
25-09-2019 22:06:38.121 -2905970.58 6114573.79 -606382.222 -3638.40259 -2308.55005 -5970.10303 
25-09-2019 22:06:51.519 -2952986.12 6083954.51 -683925.25 -3594.6665 -2402.05591 -5959.40967 
25-09-2019 22:07:05.921 -3006523.06 6047117.98 -773213.806 -3543.47144 -2509.40088 -5945.47754 
25-09-2019 22:07:19.718 -3052296.31 6013893.88 -850418.76 -3498.47974 -2601.93848 -5932.02441 
25-09-2019 22:07:38.320 -3118134.87 5963178.96 -962922.653 -3431.7019 -2736.31836 -5910.06738 
25-09-2019 22:07:52.320 -3165829.64 5924181.63 -1045539.69 -3381.73608 -2834.64648 -5892.1499 
25-09-2019 22:08:06.718 -3212820.45 5883811.97 -1127895.58 -3331.13745 -2932.36401 -5872.7627 
25-09-2019 22:08:25.519 -3275452.01 5826845.15 -1239209.87 -3261.47583 -3063.96362 -5844.11035 
25-09-2019 22:08:39.718 -3320749.03 5783275.68 -1320869.11 -3209.43091 -3160.1521 -5821.28027 
25-09-2019 22:08:53.519 -3365313.24 5738364.36 -1402198.57 -3156.79199 -3255.65405 -5796.99951 
25-09-2019 22:09:11.921 -3424606.44 5675284.52 -1512010.54 -3084.42432 -3384.12573 -5761.73828 
25-09-2019 22:09:26.320 -3467411.06 5627249.46 -1592482.64 -3030.43213 -3477.9209 -5734.06348 
25-09-2019 22:09:40.121 -3509455.9 5577906.55 -1672557.35 -2975.88599 -3570.95483 -5704.96094 
25-09-2019 22:09:54.718 -3550733.3 5527266.62 -1752214.65 -2920.79785 -3663.20605 -5674.43799 
25-09-2019 22:10:08.718 -3591235.74 5475340.79 -1831434.74 -2865.18018 -3754.65234 -5642.50195 
25-09-2019 22:10:23.121 -3633762.94 5418291.98 -1915805.84 -2805.01611 -3851.71313 -5606.72705 
25-09-2019 22:10:41.718 -3683597.81 5347922.51 -2016324.83 -2732.05688 -3966.89722 -5561.68408 
25-09-2019 22:10:55.519 -3721446.03 5291764.93 -2093933.58 -2674.75195 -4055.4856 -5525.06885 
25-09-2019 22:11:09.921 -3761103.53 5230227.09 -2176505.75 -2612.82666 -4149.40576 -5484.31348 
25-09-2019 22:11:28.519 -3807460.46 5154533.87 -2274767.83 -2537.81787 -4260.71533 -5433.34229 
25-09-2019 22:11:42.519 -3842578.47 5094284.41 -2350547.72 -2478.96753 -4346.21094 -5392.15381 
25-09-2019 22:11:56.320 -3876869.53 5032844.75 -2425741.6 -2419.68457 -4430.7417 -5349.62598 
25-09-2019 22:12:10.320 -3910327.68 4970228.53 -2500330.76 -2359.98193 -4514.28711 -5305.76904 
25-09-2019 22:12:24.921 -3945244.86 4901849.94 -2579555.65 -2295.56372 -4602.68457 -5257.31787 
25-09-2019 22:12:38.121 -3974722.29 4841522.42 -2647621.06 -2239.36938 -4678.34424 -5214.11475 
25-09-2019 22:12:57.121 -4016485.59 4751595.88 -2746073.9 -2156.65112 -4787.30176 -5148.96729 
25-09-2019 22:13:11.121 -4046249.48 4684019.34 -2817814.21 -2095.27124 -4866.32959 -5099.45654 
25-09-2019 22:13:25.519 -4075151.59 4615344.01 -2888852.5 -2033.54114 -4944.27002 -5048.68115 
25-09-2019 22:13:39.519 -4103187.11 4545585.22 -2959171.17 -1971.47424 -5021.10449 -4996.65381 
25-09-2019 22:13:53.921 -4132258.26 4469659.11 -3033694.22 -1904.61511 -5102.18018 -4939.53613 
25-09-2019 22:14:13.121 -4167637.5 4371756.81 -3126842.32 -1819.4187 -5202.98975 -4865.17188 
25-09-2019 22:14:27.121 -4192667.88 4298403.36 -3194562.48 -1756.297 -5275.89844 -4808.95508 
25-09-2019 22:14:41.121 -4216812.58 4224037.44 -3261487.26 -1692.89685 -5347.62354 -4751.54688 
25-09-2019 22:14:55.320 -4240067.82 4148675.76 -3327600.08 -1629.23169 -5418.14844 -4692.9624 
25-09-2019 22:15:13.921 -4270199.35 4044836.79 -3415996.63 -1542.42883 -5511.91113 -4611.6001 
25-09-2019 22:15:32.320 -4297220 3944838.95 -3498296.92 -1459.79712 -5598.63477 -4532.58057 
25-09-2019 22:15:46.320 -4317205.82 3865994.62 -3561315.05 -1395.2793 -5664.64844 -4469.83838 
25-09-2019 22:16:00.921 -4337615.2 3780503.33 -3627850.71 -1325.92786 -5733.96289 -4401.3877 
25-09-2019 22:16:19.320 -4360730.85 3676557.96 -3706324.15 -1242.42175 -5815.18164 -4317.6001 
25-09-2019 22:16:33.320 -4377668.97 3594712.29 -3766306.96 -1177.27502 -5876.85596 -4251.21045 
25-09-2019 22:16:47.519 -4393693.91 3512012.43 -3825352.95 -1111.97009 -5937.20508 -4183.77051 
25-09-2019 22:17:01.121 -4408803.55 3428477.03 -3883447.53 -1046.52051 -5996.21484 -4115.29736 
25-09-2019 22:17:20.121 -4427842.06 3313804.93 -3960742.76 -957.488647 -6074.13281 -4020.74683 
25-09-2019 22:17:34.718 -4440786.92 3228375 -4016538.39 -891.750916 -6129.93115 -3949.90576 
25-09-2019 22:17:49.121 -4453634.3 3135987.32 -4075210.9 -821.207336 -6188.17773 -3872.92334 
25-09-2019 22:18:03.718 -4464669.84 3048980.9 -4128922.97 -755.277893 -6241.09326 -3800.08301 
25-09-2019 22:18:17.921 -4475468.78 2954949.12 -4185332.34 -684.559509 -6296.22266 -3721.00024 
25-09-2019 22:18:31.718 -4483969.42 2872795.03 -4233255.08 -623.216003 -6342.67871 -3651.60889 
25-09-2019 22:18:46.121 -4492786.56 2777262.42 -4287422.68 -552.387085 -6394.74414 -3570.57861 
25-09-2019 22:19:00.121 -4500057.09 2687404.75 -4336875.94 -486.247406 -6441.83936 -3494.03833 
25-09-2019 22:19:18.519 -4508044.09 2570922.49 -4398873.61 -401.186157 -6500.24561 -3394.36719 
25-09-2019 22:19:32.519 -4513197.62 2479611.22 -4445846.29 -335.024872 -6543.99121 -3315.88745 
25-09-2019 22:19:46.519 -4517424.96 2387697.88 -4491714.52 -268.875854 -6586.25342 -3236.59106 
25-09-2019 22:20:01.121 -4520926.78 2288574.86 -4539620.62 -198.030396 -6629.87695 -3150.74683 
25-09-2019 22:20:15.519 -4523236.64 2195480.82 -4583165.43 -131.948502 -6669.03564 -3069.82178 
25-09-2019 22:20:29.921 -4524685.29 2095141.16 -4628557.18 -61.205101 -6709.31201 -2982.27832 
25-09-2019 22:20:48.519 -4525023.78 1973955.69 -4681284.44 23.5848274 -6755.33594 -2876.11621 
25-09-2019 22:21:02.718 -4524232.58 1879141 -4720967.16 89.4389114 -6789.37988 -2792.73486 
25-09-2019 22:21:16.519 -4522520.08 1783860.47 -4759477.7 155.196899 -6821.88232 -2708.6665 
25-09-2019 22:21:35.121 -4518724.99 1653844.86 -4809850.22 244.263123 -6863.51172 -2593.51221 
25-09-2019 22:21:48.921 -4514846.86 1557552.12 -4845560.84 309.743744 -6892.34912 -2507.90723 
25-09-2019 22:22:03.320 -4510052.97 1460866.63 -4880068.64 375.085266 -6919.61865 -2421.6853 
25-09-2019 22:22:22.121 -4502085.87 1329061.74 -4924961.64 463.517792 -6954.10938 -2303.72192 
25-09-2019 22:22:36.320 -4495141.73 1231537.59 -4956601.24 528.481262 -6977.65918 -2216.1311 
25-09-2019 22:22:50.320 -4487289.36 1133694.85 -4987010.73 593.263184 -6999.62061 -2127.99561 
25-09-2019 22:23:04.519 -4478531.39 1035555.81 -5016182.63 657.851013 -7019.98828 -2039.33728 
25-09-2019 22:23:18.121 -4468870.64 937142.825 -5044109.77 722.232239 -7038.75684 -1950.17773 
25-09-2019 22:23:36.921 -4454320.97 803184.299 -5080007.68 809.254333 -7061.66162 -1828.41345 
25-09-2019 22:23:50.519 -4443415.12 711290.517 -5103232.78 868.547485 -7075.62598 -1744.62109 
25-09-2019 22:24:04.320 -4430809.96 612135.622 -5127023.36 932.163086 -7089.10791 -1653.97046 
25-09-2019 22:24:23.519 -4412281.99 477288.752 -5157275.01 1018.08167 -7104.81738 -1530.29932 
25-09-2019 22:24:37.519 -4397587.73 377751.879 -5178058.57 1081.06702 -7114.48193 -1438.72717 
25-09-2019 22:24:51.519 -4382013.68 278091.069 -5197557.64 1143.76465 -7122.52246 -1346.80188 
25-09-2019 22:25:10.121 -4359477.61 142679.604 -5221957.58 1228.37317 -7130.83154 -1221.52185 
25-09-2019 22:25:24.121 -4341846.31 42816.7419 -5238410.51 1290.34607 -7135.03418 -1128.85364 
25-09-2019 22:25:38.320 -4323349.66 -57093.5345 -5253564.13 1351.99194 -7137.60596 -1035.90857 
25-09-2019 22:25:52.519 -4303992.31 -157028.41 -5267414.7 1413.29907 -7138.54541 -942.709106 
25-09-2019 22:26:11.519 -4276353.64 -292652.705 -5284121.69 1495.93933 -7137.20801 -815.858582 
25-09-2019 22:26:20.718 -4262715.04 -356880.44 -5291193.47 1534.85132 -7135.52441 -755.639282 
25-09-2019 22:26:35.121 -4239208.03 -463883.24 -5301774.28 1599.36072 -7131.21826 -655.106384 
25-09-2019 22:26:53.519 -4209727.25 -592180.325 -5312478.6 1676.18738 -7123.57568 -534.225647 
25-09-2019 22:27:07.121 -4185845.17 -691857.537 -5319298.68 1735.48633 -7115.76611 -440.054749 
25-09-2019 22:27:26.121 -4152111.57 -826936.258 -5326444.23 1815.30493 -7102.55811 -312.082733 
25-09-2019 22:27:35.519 -4135604.85 -890826.864 -5328979.96 1852.84216 -7095.25391 -251.411469 
25-09-2019 22:27:54.320 -4099652.48 -1025473.86 -5332539.35 1931.49744 -7077.62549 -123.251022 
25-09-2019 22:28:07.921 -4072209.05 -1124458.12 -5333603.55 1988.92896 -7062.72021 -28.7776699 
25-09-2019 22:28:26.519 -4035748.8 -1251397.11 -5333028.23 2062.09595 -7041.17285 92.6957474 
25-09-2019 22:28:40.519 -4006484.41 -1349845.09 -5331069.24 2118.4668 -7022.56396 187.152054 
25-09-2019 22:28:54.519 -3976434.18 -1448021.24 -5327788.15 2174.3562 -7002.34033 281.562866 
25-09-2019 22:29:08.718 -3945604.93 -1545902.97 -5323185.76 2229.75415 -6980.50537 375.90506 
25-09-2019 22:29:23.121 -3911717.02 -1650423.95 -5316789.68 2288.552 -6955.32813 476.883514 
25-09-2019 22:29:41.921 -3867533.66 -1782251.72 -5306515.25 2362.18335 -6920.79736 604.593933 
25-09-2019 22:29:56.320 -3834087.13 -1878953.41 -5297393.21 2415.81958 -6893.47314 698.52533 
25-09-2019 22:30:10.320 -3799893.43 -1975261.43 -5286957.31 2468.91992 -6864.55957 792.285828 
25-09-2019 22:30:29.121 -3752306.17 -2105295.75 -5270697.4 2540.1106 -6822.7876 919.217773 
25-09-2019 22:30:43.320 -3716381.48 -2200588.1 -5257175.2 2591.91016 -6790.15088 1012.48456 
25-09-2019 22:30:57.121 -3679735.55 -2295412.54 -5242348.98 2643.14209 -6755.9458 1105.50342 
25-09-2019 22:31:16.121 -3628862.57 -2423315.25 -5220148.44 2711.74609 -6707.02783 1231.30591 
25-09-2019 22:31:30.121 -3590548.55 -2516950.26 -5202263.38 2761.60278 -6669.15332 1323.65015 
25-09-2019 22:31:44.320 -3551540.71 -2610044.23 -5183087.74 2810.86108 -6629.73535 1415.67004 
25-09-2019 22:31:58.320 -3511847.5 -2702575.58 -5162626.23 2859.51196 -6588.78223 1507.3429 
25-09-2019 22:32:12.121 -3471477.48 -2794522.89 -5140883.87 2907.54688 -6546.30176 1598.64624 
25-09-2019 22:32:30.921 -3415622.61 -2918336.22 -5109337.24 2971.73584 -6486.22412 1721.92676 
25-09-2019 22:32:44.718 -3376708.47 -3002380.91 -5086406.4 3014.98047 -6443.51953 1805.83179 
25-09-2019 22:33:03.519 -3318831.17 -3124197.09 -5050935.85 3077.18359 -6378.78662 1927.77026 
25-09-2019 22:33:17.121 -3275434.51 -3213155.65 -5023321.44 3122.24658 -6329.33984 2017.06543 
25-09-2019 22:33:30.718 -3234576.67 -3295131.38 -4996563.04 3163.49707 -6282.10693 2099.53955 
25-09-2019 22:33:49.121 -3173905.57 -3413818.25 -4955532.77 3222.74414 -6210.80908 2219.27466 
25-09-2019 22:34:03.519 -3128486.5 -3500391.52 -4923849.17 3265.59839 -6156.56689 2306.86157 
25-09-2019 22:34:16.921 -3082472.28 -3586195.33 -4890943.31 3307.76392 -6100.88965 2393.88184 
25-09-2019 22:34:30.718 -3039220.36 -3665163.84 -4859300.48 3346.29443 -6047.91504 2474.16064 
25-09-2019 22:34:48.921 -2975114.27 -3779321.94 -4811184 3401.51636 -5968.30322 2590.5437 
25-09-2019 22:35:02.718 -2930653.33 -3856547.44 -4776993.11 3438.54419 -5912.3501 2669.50195 
25-09-2019 22:35:16.718 -2882238.72 -3938890.77 -4739028.53 3477.72681 -5850.75977 2753.90088 
25-09-2019 22:35:30.718 -2833280.63 -4020362.24 -4699887.09 3516.18335 -5787.80078 2837.6228 
25-09-2019 22:35:44.718 -2783789.27 -4100942.77 -4659578.39 3553.90674 -5723.48584 2920.64697 
25-09-2019 22:35:59.320 -2730182.76 -4186268.95 -4615106.48 3593.50391 -5653.08838 3008.80371 
25-09-2019 22:36:12.921 -2679619.67 -4264944.14 -4572411.78 3629.68848 -5586.01025 3090.31763 
25-09-2019 22:36:32.121 -2610198.52 -4370197.34 -4512654.19 3677.59058 -5492.88086 3199.72314 
25-09-2019 22:36:46.121 -2558470.71 -4446608.11 -4467299.35 3711.99072 -5422.73486 3279.41235 
25-09-2019 22:37:00.121 -2506266.66 -4522027.89 -4420834.48 3745.62378 -5351.31348 3358.29443 
25-09-2019 22:37:14.320 -2453597.15 -4596438.92 -4373271.04 3778.48413 -5278.63135 3436.34912 
25-09-2019 22:37:28.519 -2400473.04 -4669823.67 -4324620.74 3810.56592 -5204.70508 3513.55762 
25-09-2019 22:37:42.519 -2346905.27 -4742164.85 -4274895.55 3841.86353 -5129.55127 3589.90039 
25-09-2019 22:37:57.121 -2289031.41 -4818495.81 -4220439.71 3874.52075 -5047.68506 3670.71387 
25-09-2019 22:38:10.718 -2238482.87 -4883648.4 -4172269.83 3902.08545 -4975.62549 3739.91284 
25-09-2019 22:38:57.519 -2052843.59 -5111234.45 -3990731.19 3995.9624 -4706.73486 3983.35303 
25-09-2019 22:39:11.718 -1996715.95 -5176552.07 -3934470.33 4022.15674 -4624.17383 4053.7561 
25-09-2019 22:39:26.121 -1936178.91 -5245243.63 -3873105.19 4049.3125 -4534.49609 4128.07715 
25-09-2019 22:39:39.921 -1879316.29 -5308134.08 -3814832.79 4073.80396 -4449.67871 4196.38818 
25-09-2019 22:39:54.320 -1822116.58 -5369829.64 -3755611.28 4097.4668 -4363.80029 4263.66211 
25-09-2019 22:40:13.320 -1743970.06 -5451621.81 -3673747.35 4128.24902 -4245.58984 4353.2749 
25-09-2019 22:40:27.121 -1686021.89 -5510443.12 -3612346.95 4149.94434 -4157.28857 4418.03955 
25-09-2019 22:40:40.921 -1627775.86 -5568021.21 -3550047.46 4170.79834 -4067.99219 4481.71191 
25-09-2019 22:40:55.320 -1569243.78 -5624342.32 -3486864.3 4190.80859 -3977.72095 4544.27588 
25-09-2019 22:41:13.519 -1493586.99 -5694886.46 -3404355.52 4215.29004 -3860.25806 4623.06104 
25-09-2019 22:41:27.519 -1434445.61 -5748284.17 -3339211.57 4233.3584 -3767.83496 4683.03223 
25-09-2019 22:41:41.921 -1370806.09 -5804052.74 -3268492.19 4251.76953 -3667.80371 4746.00098 
25-09-2019 22:42:00.519 -1294085.15 -5868982.98 -3182397.29 4272.56396 -3546.42798 4819.78027 
25-09-2019 22:42:14.718 -1234162.06 -5917966.26 -3114526.88 4287.75488 -3451.04272 4875.80127 
25-09-2019 22:42:29.121 -1169729.78 -5968959.64 -3040948.06 4303.07324 -3347.91724 4934.48291 
25-09-2019 22:42:42.921 -1109392.1 -6015151.77 -2971489.45 4316.4751 -3250.8252 4987.98584 
25-09-2019 22:43:01.921 -1027217.13 -6075655.95 -2876043.16 4333.27686 -3117.79761 5058.61572 
25-09-2019 22:43:15.718 -970815.122 -6115591.14 -2809974.54 4343.85059 -3025.96899 5105.6123 
25-09-2019 22:43:34.320 -888145.641 -6171800.83 -2712330.42 4357.95459 -2890.6167 5172.33154 
25-09-2019 22:43:48.121 -827067.872 -6211566.29 -2639582.79 4367.31934 -2790.0459 5219.98193 
25-09-2019 22:44:02.320 -765865.095 -6249918.94 -2566177.08 4375.81055 -2688.79004 5266.33594 
25-09-2019 22:44:16.320 -704549.619 -6286849.35 -2492131.65 4383.42725 -2586.87231 5311.38232 
25-09-2019 22:44:30.320 -643133.655 -6322348.42 -2417464.82 4390.16895 -2484.31592 5355.10938 
25-09-2019 22:44:49.121 -559644.575 -6368220.65 -2315170.5 4397.91748 -2344.15332 5412.32227 
25-09-2019 22:45:03.121 -498040.184 -6400311.71 -2239112.52 4402.59375 -2240.18506 5452.89551 
25-09-2019 22:45:17.320 -436376.455 -6430943.28 -2162495.99 4406.39355 -2135.6582 5492.1123 
25-09-2019 22:45:31.519 -374665.663 -6460107.7 -2085339.97 4409.31641 -2030.59656 5529.96338 
25-09-2019 22:45:50.121 -290861.993 -6497328.26 -1979799.69 4411.88135 -1887.20081 5579.13086 
25-09-2019 22:46:03.718 -233501.536 -6521221.29 -1907060.69 4412.70654 -1788.57751 5611.29932 
25-09-2019 22:46:18.320 -167309.79 -6547193.51 -1822622.15 4412.72021 -1674.29553 5646.91992 
25-09-2019 22:46:32.320 -105537.131 -6569884.42 -1743341.18 4411.82666 -1567.18811 5678.70996 
25-09-2019 22:47:05.320 39974.2631 -6617416.14 -1554778.36 4406.26367 -1313.16858 5748.03418 
25-09-2019 22:47:19.121 101636.017 -6635042.41 -1474115.22 4402.43945 -1204.8053 5775.0459 
25-09-2019 22:47:33.519 163238.143 -6651149.31 -1393083.98 4397.74512 -1096.12244 5800.61816 
25-09-2019 22:47:47.320 224768.47 -6665732.58 -1311704.84 4392.18262 -987.145325 5824.74463 
25-09-2019 22:48:01.320 286214.85 -6678788.25 -1229998.09 4385.75293 -877.899414 5847.41797 
25-09-2019 22:48:20.121 369450.406 -6694056.94 -1118622.83 4375.64404 -729.252625 5875.85596 
25-09-2019 22:48:33.921 430651.006 -6703498.31 -1036224.62 4367.17871 -619.473755 5895.08301 
25-09-2019 22:48:47.718 487368.882 -6710888.03 -959479.745 4358.54883 -517.371643 5911.62012 
25-09-2019 22:49:06.718 570051.109 -6719298.66 -846946.9 4344.60596 -367.903961 5933.5 
25-09-2019 22:49:21.121 635130.341 -6723931.21 -757827.255 4332.4873 -249.737991 5948.84668 
25-09-2019 22:49:35.121 695700.63 -6726654.99 -674452.245 4320.29492 -139.348694 5961.63232 
25-09-2019 22:49:49.320 756094.307 -6727832.79 -590908.649 4307.25537 -28.8882408 5972.92871 
25-09-2019 22:50:03.320 816299.495 -6727463.8 -507217.347 4293.37061 81.6175003 5982.7334 
25-09-2019 22:50:17.320 876304.419 -6725547.57 -423399.237 4278.64502 192.142654 5991.04297 
25-09-2019 22:50:31.320 936097.311 -6722084 -339475.269 4263.08105 302.661285 5997.85547 
25-09-2019 22:50:44.718 991419.182 -6717482.57 -261469.424 4247.88184 405.257202 6002.83887 
25-09-2019 22:51:04.121 1076131.57 -6707799.92 -141356.249 4223.10107 562.994507 6007.97852 
25-09-2019 22:51:19.320 1139331.39 -6698468.59 -51220.6691 4203.41016 681.176147 6009.82129 
25-09-2019 22:51:34.121 1202228.77 -6687365.54 38929.614 4182.77734 799.218262 6009.93896 
25-09-2019 22:51:48.320 1260647.75 -6675406.26 123060.342 4162.6748 909.237 6008.4917 
25-09-2019 22:52:04.921 1331197.94 -6658815.43 225175.65 4137.17383 1042.59302 6004.71289 
25-09-2019 22:52:21.519 1397193.23 -6641131.81 321208.958 4112.08838 1167.8269 5999.13281 
25-09-2019 22:52:33.921 1450513.47 -6625290.01 399160.166 4090.93628 1269.35388 5993.15527 
25-09-2019 22:52:49.320 1511689.02 -6605372.94 488995.782 4065.67847 1386.22021 5984.65039 
25-09-2019 22:53:00.519 1556306.77 -6589654.21 554787.422 4046.57935 1471.71387 5977.31982 
25-09-2019 22:53:19.121 1632869.6 -6560292.3 668219.832 4012.44946 1618.92932 5962.4834 
25-09-2019 22:53:30.320 1676894.57 -6542016.77 733753.784 3992.03418 1703.87451 5952.63623 
25-09-2019 22:53:45.121 1736561.45 -6515592.22 822933.566 3963.42603 1819.34485 5937.72607 
25-09-2019 22:53:56.121 1780040.97 -6495115.12 888183.232 3941.88672 1903.73987 5925.70605 
25-09-2019 22:54:10.718 1835031.45 -6467713.09 971028.428 3913.79272 2010.78333 5909.08398 
25-09-2019 22:54:25.519 1893507.21 -6436694.29 1059520.85 3882.85278 2124.98804 5889.63184 
25-09-2019 22:54:36.718 1936091.1 -6412860.47 1124223.22 3859.61621 2208.4021 5874.29053 
25-09-2019 22:54:51.519 1993743.05 -6378884.37 1212171.75 3827.18994 2321.66602 5851.90723 
25-09-2019 22:55:06.519 2050902.26 -6343213.67 1299771.91 3793.91675 2434.34473 5827.84082 
25-09-2019 22:55:17.519 2092498.51 -6315983.33 1363776.02 3768.98291 2516.58643 5809.12695 
25-09-2019 22:55:32.320 2148773.73 -6277396.91 1450712.7 3734.26172 2628.17896 5782.16064 
25-09-2019 22:55:47.519 2204521.94 -6237141.58 1537232.41 3698.71631 2739.10327 5753.53174 
25-09-2019 22:55:58.718 2245061.89 -6206566.23 1600400.77 3672.1311 2820.00586 5731.48486 
25-09-2019 22:56:13.121 2299867.58 -6163442.65 1686138.85 3635.17798 2929.70068 5699.99316 
25-09-2019 22:56:24.519 2339702.98 -6130775.85 1748706.79 3607.57007 3009.66846 5675.85645 
25-09-2019 22:56:38.921 2393529.88 -6084817.16 1833589.16 3569.23633 3118.04395 5641.52881 
25-09-2019 22:56:50.121 2432634.41 -6050084.06 1895502.61 3540.62622 3197.01172 5615.32373 
25-09-2019 22:57:05.121 2485446.99 -6001325.71 1979455.92 3500.93945 3303.97949 5578.18994 
25-09-2019 22:57:16.121 2523794.85 -5964553.15 2040661.37 3471.34766 3381.88257 5549.93848 
25-09-2019 22:57:30.718 2572126.6 -5916516.74 2118101.69 3433.09424 3480.35132 5512.74072 
25-09-2019 22:57:45.320 2623310.99 -5863525.74 2200484.32 3391.38257 3584.98315 5471.35352 
25-09-2019 22:57:56.320 2660445.64 -5823671.79 2260497.51 3360.32251 3661.12451 5440.00195 
25-09-2019 22:58:11.121 2710528.86 -5767981.33 2341768.63 3317.33252 3764.12891 5395.89453 
25-09-2019 22:58:26.121 2759961.78 -5710753.09 2422366.49 3273.61865 3866.15601 5350.23535 
25-09-2019 22:58:38.320 2799032.67 -5663873.29 2486344.44 3238.13379 3947.05566 5312.59912 
25-09-2019 22:58:49.121 2834471.32 -5620050.58 2544589.27 3205.20923 4020.63647 5277.24023 
25-09-2019 22:59:04.121 2882208.98 -5558994.13 2623378.22 3159.70898 4120.06445 5227.7085 
25-09-2019 22:59:15.519 2916780.13 -5513275.71 2680678.68 3125.90503 4192.29736 5190.4292 
25-09-2019 22:59:30.320 2963319.33 -5449658.39 2758145.96 3079.22168 4289.84668 5138.30078 
25-09-2019 22:59:41.121 2997000.41 -5402080.08 2814452.53 3044.5625 4360.67236 5099.13281 
25-09-2019 22:59:56.121 3042310.83 -5335951.76 2890531.2 2996.729 4456.26318 5044.45215 
25-09-2019 23:00:10.921 3086898.88 -5268398.3 2965778.75 2948.24731 4550.68799 4988.3208 
25-09-2019 23:00:22.121 3119132.09 -5217963.55 3020419.53 2912.28857 4619.17725 4946.24512 
25-09-2019 23:00:33.320 3150967.89 -5166778.99 3074593.27 2875.99194 4687.01611 4903.4043 
25-09-2019 23:00:48.320 3193733.23 -5095786.54 3147698.74 2825.95972 4778.45605 4843.76416 
25-09-2019 23:00:59.320 3224615.12 -5042858.56 3200735.37 2788.88232 4844.71729 4799.14209 
25-09-2019 23:01:14.519 3266065.94 -4969516.94 3272258.84 2737.80298 4933.96973 4737.09814 
25-09-2019 23:01:25.320 3295973.95 -4914887.27 3324112.55 2699.97046 4998.59912 4690.73291 
25-09-2019 23:01:40.519 3336083.49 -4839254.34 3393992.22 2647.87964 5085.58984 4626.33984 
25-09-2019 23:01:51.519 3364998.33 -4782966.09 3444618.2 2609.31836 5148.53467 4578.27148 
25-09-2019 23:02:03.121 3396056.02 -4720775.89 3499238.78 2566.90918 5216.37061 4525.02588 
25-09-2019 23:02:17.519 3431643.82 -4647199.21 3562148.21 2516.98877 5294.40137 4461.85449 
25-09-2019 23:02:28.718 3459113.4 -4588627.68 3610951.9 2477.43677 5354.86035 4411.43506 
25-09-2019 23:02:43.921 3498288.87 -4502255.23 3680940.3 2419.40137 5441.44434 4336.88184 
25-09-2019 23:02:55.121 3524681.2 -4442076.53 3728360.15 2379.16113 5500.02539 4284.80273 
25-09-2019 23:03:09.718 3557628.69 -4364560.81 3787877.91 2327.5542 5573.45459 4217.5625 
25-09-2019 23:03:20.320 3583007.34 -4302939.8 3833977 2286.70361 5630.25098 4163.98926 
25-09-2019 23:03:39.320 3625779.78 -4195047.39 3912202.3 2215.5332 5726.46777 4069.94238 
25-09-2019 23:03:50.320 3649922.34 -4131755.33 3956668 2173.98438 5781.06641 4014.63354 
25-09-2019 23:04:05.320 3682104.76 -4044489.11 4016315.74 2116.93042 5854.19385 3938.21387 
25-09-2019 23:04:20.519 3713428.01 -3956137.56 4074808.66 2059.43066 5925.7749 3860.6626 
25-09-2019 23:04:32.121 3737863.59 -3884690.56 4120760.23 2013.11902 5981.91309 3797.82178 
25-09-2019 23:04:43.121 3759773.31 -3818610.71 4162216.57 1970.42908 6032.48438 3739.60376 
25-09-2019 23:04:58.519 3788890.99 -3727614.78 4217709.52 1911.85925 6100.06055 3659.28613 
25-09-2019 23:05:13.320 3817127.12 -3635617.28 4271989.79 1852.89038 6166.02344 3577.91724 
25-09-2019 23:05:24.921 3839077.34 -3561314.51 4314530.39 1805.43677 6217.61914 3512.08057 
25-09-2019 23:05:36.519 3858696.93 -3492664.96 4352828.68 1761.72668 6263.99072 3451.16309 
25-09-2019 23:05:52.320 3886373.71 -3391911.91 4407332.26 1697.79919 6329.8457 3361.60645 
25-09-2019 23:06:04.921 3908105.87 -3309284.01 4450555.64 1645.56335 6381.94971 3288.03149 
25-09-2019 23:06:20.718 3932335.36 -3213113.75 4499233.92 1584.97559 6440.49072 3202.25684 
25-09-2019 23:06:37.320 3958693.56 -3103076.06 4552838.14 1515.91675 6504.77344 3103.9353 
25-09-2019 23:06:49.519 3976590.86 -3024753.53 4589665.32 1466.92847 6548.81689 3033.84033 
25-09-2019 23:07:05.519 3999537.28 -2919514.01 4637453.42 1401.31445 6605.8125 2939.51538 
25-09-2019 23:07:17.320 4016056.73 -2839994.62 4672299.85 1351.89075 6647.25195 2868.13989 
25-09-2019 23:07:33.121 4037158.07 -2733208.1 4717423.39 1285.72168 6700.74805 2772.15503 
25-09-2019 23:07:47.519 4054751.5 -2639079.91 4755641.21 1227.58203 6745.89844 2687.42456 
25-09-2019 23:07:59.121 4069182.64 -2557903.34 4787451.79 1177.57739 6783.35791 2614.26294 
25-09-2019 23:08:09.921 4081883.31 -2483102.33 4815837.85 1131.60803 6816.68408 2546.77588 
25-09-2019 23:08:24.921 4098386.15 -2380520.88 4853345.41 1068.72925 6860.55908 2454.1167 
25-09-2019 23:08:35.921 4109887.96 -2304883.33 4879964.81 1022.48389 6891.57715 2385.71753 
25-09-2019 23:08:47.320 4120880.47 -2228909.99 4905829.8 976.131104 6921.61133 2316.9502 
25-09-2019 23:09:02.121 4135047.42 -2124788.44 4939877.23 912.759705 6960.97266 2222.60278 
25-09-2019 23:09:12.921 4144831.68 -2048064.63 4963943.38 866.175049 6988.66357 2153.00781 
25-09-2019 23:09:24.320 4154103.01 -1971041.71 4987242.15 819.501709 7015.35547 2083.08105 
25-09-2019 23:09:39.320 4165917.43 -1865548.31 5017770.05 755.723267 7050.1377 1987.21045 
25-09-2019 23:09:50.121 4173972.75 -1787862.23 5039240.94 708.862305 7074.45459 1916.54175 
25-09-2019 23:10:05.121 4184125.79 -1681506.72 5067263.42 644.849304 7105.98389 1819.70129 
25-09-2019 23:10:19.519 4192734.88 -1581827.09 5092103.75 584.99884 7133.70703 1728.8457 
25-09-2019 23:10:31.121 4199446.73 -1496086.8 5112380.87 533.626831 7156.15527 1650.625 
25-09-2019 23:10:45.320 4206497.59 -1395726.25 5134848.6 473.619263 7180.80615 1558.98596 
25-09-2019 23:10:56.519 4211447.89 -1316636.43 5151600.14 426.422089 7199.00781 1486.70984 
25-09-2019 23:11:07.320 4215878.81 -1237352.05 5167555.37 379.188385 7216.18018 1414.20447 
25-09-2019 23:11:21.921 4221083.31 -1128943.92 5188024.77 314.730072 7237.93359 1314.98474 
25-09-2019 23:11:33.320 4224285.26 -1049244.78 5202088.27 267.432312 7252.6626 1241.98254 
25-09-2019 23:11:48.320 4227812.9 -940314.455 5219969.52 202.907852 7271.07568 1142.12805 
25-09-2019 23:11:59.320 4229784.61 -860264.252 5232129.19 155.577179 7283.34961 1068.69177 
25-09-2019 23:12:10.519 4231235.65 -780084.766 5243480.14 108.241974 7294.58154 995.091064 
25-09-2019 23:12:22.519 4232224.77 -692482.267 5254938.62 56.6049614 7305.64404 914.624939 
25-09-2019 23:12:34.320 4232594.28 -604754.481 5265430.48 4.97645235 7315.46191 833.991272 
25-09-2019 23:12:49.121 4232185.1 -494941.331 5277183.1 -59.5361977 7325.98242 732.986084 
25-09-2019 23:13:00.121 4231270.15 -414319.035 5284837.92 -106.821655 7332.4585 658.780701 
25-09-2019 23:13:15.121 4229184.53 -304276.288 5293959.73 -171.258209 7339.59766 557.430481 
25-09-2019 23:13:30.519 4226132.82 -194141.103 5301560.06 -235.631607 7344.78271 455.920929 
25-09-2019 23:13:42.121 4222996.56 -105986.1 5306543.38 -287.075409 7347.52344 374.618103 
25-09-2019 23:13:53.320 4219579.63 -25154.6872 5310254 -334.182709 7348.93555 300.029999 
25-09-2019 23:14:08.519 4214085.68 85083.4161 5313991.18 -398.333344 7349.16553 198.247055 
25-09-2019 23:14:19.519 4209445.64 165919.212 5315761.2 -445.306366 7348.09082 123.568718 
25-09-2019 23:14:31.320 4203794.92 254083.23 5316755.12 -496.474152 7345.71777 42.0803413 
25-09-2019 23:14:47.519 4195306.46 371576.675 5316559.14 -564.563293 7340.60596 -66.5799179 
25-09-2019 23:14:59.121 4188225.9 459633.354 5315271.28 -615.520081 7335.3125 -148.062576 
25-09-2019 23:15:10.519 4181198.72 540289.935 5313231.91 -662.140808 7329.36133 -222.731339 
25-09-2019 23:15:26.320 4169331.17 664796.803 5308465.08 -734.009399 7318.09863 -338.05658 
25-09-2019 23:15:37.718 4161780.21 737939.446 5304745.6 -776.174988 7310.30371 -405.839355 
25-09-2019 23:15:48.921 4152163.12 825601.257 5299387.85 -826.65918 7299.80664 -487.109467 
25-09-2019 23:16:00.519 4142815.91 905841.071 5293620.29 -872.820923 7289.09082 -561.528748 
25-09-2019 23:16:11.519 4132961.55 985957.263 5287034.59 -918.866699 7277.33008 -635.861267 
25-09-2019 23:16:23.320 4121634.48 1073202.26 5278918.3 -968.959839 7263.31104 -716.838867 
25-09-2019 23:16:37.921 4106631.8 1182009.73 5267407.72 -1031.36255 7244.04443 -817.873718 
25-09-2019 23:17:18.519 4062068.09 1470600.57 5229322.62 -1196.51062 7183.24219 -1086.07288 
25-09-2019 23:17:33.320 4043659.46 1578154.1 5212280.93 -1257.93079 7156.92334 -1186.1051 
25-09-2019 23:17:48.921 4023010.68 1692426.25 5192452.16 -1323.1156 7126.74707 -1292.4303 
25-09-2019 23:18:00.718 4008210.94 1770700.33 5177834.57 -1367.72449 7104.74609 -1365.28601 
25-09-2019 23:18:12.519 3991507.27 1855807.39 5160975.54 -1416.19055 7079.58252 -1444.52417 
25-09-2019 23:18:28.718 3968333.44 1968800.03 5137020.67 -1480.479 7044.15186 -1549.75977 
25-09-2019 23:18:40.519 3950279.75 2053163.12 5117951.73 -1528.43701 7016.17529 -1628.35608 
25-09-2019 23:18:52.519 3931651.94 2137183.31 5097941.42 -1576.16614 6987.00098 -1706.65332 
25-09-2019 23:19:04.921 3910827.16 2227801.56 5075205.53 -1627.60669 6954.04932 -1791.12085 
25-09-2019 23:19:20.718 3885970.13 2331816.38 5047610.75 -1686.60681 6914.29688 -1888.10229 
25-09-2019 23:19:32.320 3865449.13 2414590.26 5024490.05 -1733.52527 6881.16602 -1965.29834 
25-09-2019 23:19:43.718 3846144.89 2490111.21 5002484.08 -1776.30798 6849.76367 -2035.74451 
25-09-2019 23:19:55.718 3824550.45 2572097.19 4977595.87 -1822.72754 6814.38525 -2112.23608 
25-09-2019 23:20:10.718 3796776.73 2673971.21 4945198.62 -1880.37207 6768.52686 -2207.30273 
25-09-2019 23:20:22.121 3773937.2 2754966.69 4918257.04 -1926.1759 6730.53906 -2282.90137 
25-09-2019 23:20:33.320 3752519.53 2828806.37 4892765.73 -1967.91333 6694.70703 -2351.83179 
25-09-2019 23:20:48.718 3722576.4 2928851.04 4856786.89 -2024.43469 6644.29736 -2445.24072 
25-09-2019 23:21:04.121 3689706.57 3034716.6 4816871.13 -2084.21118 6588.57227 -2544.10254 
25-09-2019 23:21:15.519 3666555.75 3106974.6 4788514.51 -2124.99316 6549.1001 -2611.59009 
25-09-2019 23:21:27.121 3640790.42 3185300.06 4756736.03 -2169.18359 6504.9668 -2684.75269 
25-09-2019 23:21:38.519 3616707.93 3256627.61 4726836.93 -2209.41284 6463.53516 -2751.3855 
25-09-2019 23:21:53.921 3580892.37 3359551.35 4682044.35 -2267.44165 6401.61523 -2847.54492 
25-09-2019 23:22:05.121 3555732.75 3429729.56 4650360.36 -2306.99561 6357.91602 -2913.1167 
25-09-2019 23:22:16.320 3530139.58 3499422.06 4617957.55 -2346.26685 6313.3042 -2978.23877 
25-09-2019 23:22:31.718 3494546.79 3593656.44 4572622.52 -2399.35376 6251.00928 -3066.29858 
25-09-2019 23:22:43.121 3465501.76 3668363.34 4535407.54 -2441.43066 6199.97119 -3136.11328 
25-09-2019 23:22:55.121 3435953.95 3742451.42 4497358.24 -2483.1521 6147.87305 -3205.35156 
25-09-2019 23:23:06.519 3408430.42 3809811.05 4461752.74 -2521.07935 6099.19336 -3268.30273 
25-09-2019 23:23:18.121 3377930.99 3882677.74 4422123.99 -2562.10352 6045.08936 -3336.40039 
25-09-2019 23:23:29.718 3349542.56 3948896.72 4385082.8 -2599.38208 5994.58643 -3398.28467 
25-09-2019 23:23:45.121 3307522.35 4044212.51 4329996.26 -2653.03809 5919.59326 -3487.35791 
25-09-2019 23:23:57.121 3275446.78 4114904.03 4287751.04 -2692.83203 5862.1665 -3553.4165 
25-09-2019 23:24:12.519 3234684.64 4202289.48 4233836.2 -2742.02515 5788.97607 -3635.06934 
25-09-2019 23:24:24.519 3201546.54 4271400.13 4189827.34 -2780.93335 5729.30957 -3699.64063 
25-09-2019 23:24:40.320 3156640.69 4362422.72 4129951.28 -2832.18408 5648.23291 -3784.67529 
25-09-2019 23:24:47.921 3133881.72 4407444.11 4099505.5 -2857.53711 5607.0498 -3826.73047 
25-09-2019 23:25:02.519 3093568.11 4485432.62 4045420.35 -2901.4624 5533.95654 -3899.57202 
25-09-2019 23:25:17.921 3046747.76 4573297.21 3982369.16 -2950.96338 5448.84619 -3981.62354 
25-09-2019 23:25:29.320 3014102.11 4632908.09 3938264.69 -2984.55688 5389.37109 -4037.28027 
25-09-2019 23:25:44.320 2968993.74 4713132.82 3877142.49 -3029.78198 5307.02393 -4112.16846 
25-09-2019 23:25:51.921 2944660.02 4755411.25 3844087.14 -3053.62354 5262.52441 -4151.62744 
25-09-2019 23:26:06.921 2898523.56 4833716.98 3781263.33 -3097.79761 5178.01318 -4224.69482 
25-09-2019 23:26:22.121 2851729.71 4910744.65 3717352.58 -3141.27417 5092.12012 -4296.54834 
25-09-2019 23:26:33.320 2817002.5 4966407.41 3669804.52 -3172.70825 5028.2666 -4348.45654 
25-09-2019 23:26:44.718 2781931.63 5021363.8 3621689.16 -3203.7583 4963.69141 -4399.69287 
25-09-2019 23:26:56.320 2743285.54 5080501.36 3568561.4 -3237.18896 4892.43311 -4454.81104 
25-09-2019 23:27:07.320 2707509.86 5133955.44 3519284 -3267.42456 4826.37891 -4504.61621 
25-09-2019 23:27:18.320 2671403.75 5186679.11 3469462.56 -3297.26489 4759.63232 -4553.72461 
25-09-2019 23:27:29.718 2634971.59 5238664.8 3419104.79 -3326.70679 4692.20264 -4602.12891 
25-09-2019 23:27:44.519 2584773.87 5308351.61 3349584.87 -3366.20605 4599.17041 -4666.98584 
25-09-2019 23:27:55.519 2547588.6 5358563.53 3297990.53 -3394.69214 4530.16553 -4713.6958 
25-09-2019 23:28:10.519 2496380.95 5425803.92 3226814.6 -3432.87549 4435.02344 -4776.21484 
25-09-2019 23:28:22.121 2455006.05 5478563.13 3169205.06 -3462.86719 4358.05713 -4825.2417 
25-09-2019 23:28:33.320 2416765.37 5526110.68 3115883.9 -3489.92285 4286.85156 -4869.40332 
25-09-2019 23:28:48.320 2364143.99 5589679.2 3042398.66 -3526.1377 4188.76514 -4928.40771 
25-09-2019 23:28:59.718 2325212.83 5635356.62 2987952.51 -3552.19263 4116.12451 -4970.77832 
25-09-2019 23:29:10.757 2285997.41 5680231.75 2933044.52 -3577.81909 4042.89478 -5012.37988 
25-09-2019 23:29:22.355 2242898.33 5728263.87 2872628.12 -3605.28296 3962.34741 -5056.87842 
25-09-2019 23:29:33.757 2203103.9 5771440.84 2816781.97 -3630.00391 3887.91943 -5096.85156 
25-09-2019 23:29:49.558 2144741.25 5832775.08 2734776.35 -3665.17944 3778.66992 -5153.58545 
25-09-2019 23:30:01.355 2100604 5877623.61 2672683.79 -3690.94824 3695.98071 -5195.03027 
25-09-2019 23:30:16.757 2045002.81 5932282.69 2594378.12 -3722.41455 3591.73633 -5245.49023 
25-09-2019 23:30:27.558 2003931.88 5971368.45 2536478.81 -3744.95996 3514.68213 -5281.53613 
25-09-2019 23:30:32.355 1985181.81 5988853.92 2510030.81 -3755.05884 3479.49072 -5297.65088 
25-09-2019 23:30:37.156 1966381.48 6006163.18 2483502.66 -3765.06445 3444.19678 -5313.59619 
25-09-2019 23:30:44.757 1939977.48 6030099.13 2446230.21 -3778.91479 3394.6145 -5335.63477 
25-09-2019 23:30:49.558 1921058.43 6046983.4 2419513.16 -3788.69482 3359.07837 -5351.17188 
25-09-2019 23:30:54.558 1902090.72 6063689.75 2392718.86 -3798.38086 3323.44336 -5366.5376 
25-09-2019 23:31:01.957 1871642.34 6090048.58 2349689.41 -3813.68164 3266.22363 -5390.76611 
25-09-2019 23:31:06.957 1852550.32 6106290.01 2322698.25 -3823.12134 3230.33569 -5405.68555 
25-09-2019 23:31:11.757 1837242.86 6119153.82 2301051.88 -3830.60474 3201.55688 -5417.49609 
25-09-2019 23:31:18.957 1806538.76 6144535.48 2257618.52 -3845.38818 3143.81885 -5440.78516 
25-09-2019 23:31:24.156 1787289.01 6160164.09 2230378.74 -3854.50342 3107.61182 -5455.11523 
25-09-2019 23:31:28.957 1767993.92 6175611.44 2203067.74 -3863.52295 3071.31323 -5469.27051 
25-09-2019 23:31:36.558 1740905.55 6196932.35 2164714.37 -3875.98877 3020.34375 -5488.79443 
25-09-2019 23:31:41.359 1721503.61 6211942.82 2137236.03 -3884.77734 2983.82983 -5502.5293 
25-09-2019 23:31:48.757 1694267.59 6232650.3 2098651.91 -3896.91895 2932.56348 -5521.46338 
25-09-2019 23:31:53.757 1674761.59 6247221.34 2071011.28 -3905.4751 2895.84106 -5534.77588 
25-09-2019 23:31:58.757 1655213.04 6261608.57 2043304.53 -3913.93433 2859.0332 -5547.91113 
25-09-2019 23:32:03.757 1635622.45 6275811.54 2015532.54 -3922.29614 2822.1416 -5560.86963 
25-09-2019 23:32:08.757 1615990.28 6289829.85 1987696.21 -3930.5603 2785.16699 -5573.6499 
25-09-2019 23:32:13.757 1596317.04 6303663.08 1959796.42 -3938.72681 2748.11035 -5586.25244 
25-09-2019 23:32:20.957 1564755.64 6325410.27 1915026.99 -3951.5896 2688.65259 -5606.04492 
25-09-2019 23:32:26.156 1544977.89 6338760.41 1886966.39 -3959.50098 2651.38867 -5618.18262 
25-09-2019 23:32:33.359 1517223.11 6357137.18 1847580.54 -3970.41162 2599.08862 -5634.87354 
25-09-2019 23:32:38.359 1497351.84 6370039.03 1819376.88 -3978.08667 2561.63989 -5646.57959 
25-09-2019 23:32:43.359 1477442.45 6382753.46 1791115.13 -3985.6626 2524.11597 -5658.10547 
25-09-2019 23:32:48.156 1457495.42 6395280.08 1762796.21 -3993.13965 2486.51807 -5669.45068 
25-09-2019 23:32:55.757 1429507.3 6412501.14 1723055.38 -4003.44043 2433.75903 -5685.02881 
25-09-2019 23:33:00.558 1409471.98 6424575.54 1694602.93 -4010.67896 2395.98828 -5695.93848 
25-09-2019 23:33:05.558 1389400.72 6436460.92 1666096.38 -4017.81763 2358.14746 -5706.6665 
25-09-2019 23:33:12.757 1361241.52 6452782.21 1626098.08 -4027.64404 2305.05444 -5721.37842 
25-09-2019 23:33:17.957 1337050.8 6466475.75 1591732.75 -4035.91064 2259.44116 -5733.7041 
25-09-2019 23:33:25.156 1308766.23 6482105.25 1551547.51 -4045.37231 2206.10547 -5747.75049 
25-09-2019 23:33:30.359 1288522.76 6493040.37 1522784.21 -4052.01001 2167.93115 -5757.56348 
25-09-2019 23:33:35.156 1268246.35 6503784.47 1493972.3 -4058.54712 2129.6936 -5767.19238 
25-09-2019 23:33:39.957 1247937.5 6514337.22 1465112.7 -4064.98315 2091.3938 -5776.63721 
25-09-2019 23:33:47.359 1219451.59 6528789.04 1424630.9 -4073.82422 2037.672 -5789.5498 
25-09-2019 23:33:52.359 1199066.97 6538881.32 1395660.62 -4080.01782 1999.22791 -5798.55078 
25-09-2019 23:33:59.757 1170477 6552687.28 1355027.6 -4088.51855 1945.30872 -5810.8418 
25-09-2019 23:34:04.757 1150019.51 6562317.4 1325951.97 -4094.46851 1906.72693 -5819.39844 
25-09-2019 23:34:09.558 1129532.53 6571754.47 1296834.03 -4100.31689 1868.0896 -5827.76855 
25-09-2019 23:34:14.558 1109016.56 6580998.23 1267674.69 -4106.06348 1829.39819 -5835.95313 
25-09-2019 23:34:21.957 1076131.98 6595385.45 1220936 -4115.04541 1767.38196 -5848.66064 
25-09-2019 23:34:26.957 1055543.03 6604125.33 1191673.42 -4120.52686 1728.55481 -5856.35986 
25-09-2019 23:34:31.957 1034926.94 6612670.95 1162372.81 -4125.90527 1689.67773 -5863.87256 
25-09-2019 23:34:39.156 1006019.76 6624307.98 1121289.85 -4133.26318 1635.16785 -5874.0752 
25-09-2019 23:34:44.156 985340.593 6632386.37 1091901.79 -4138.396 1596.17529 -5881.1377 
25-09-2019 23:34:51.558 956347.191 6643368.34 1050700.19 -4145.40869 1541.50854 -5890.70947 
25-09-2019 23:34:56.558 935607.914 6650978.16 1021230.08 -4150.29443 1502.40747 -5897.32129 
25-09-2019 23:35:01.558 914844.465 6658392.37 991727.393 -4155.07715 1463.26294 -5903.74414 
25-09-2019 23:35:09.558 910688.92 6659851.72 985823.027 -4156.02148 1455.42896 -5905.00635 
25-09-2019 23:36:30.359 0 0 0 0 0 0 
25-09-2019 23:40:27.960 0 0 0 0 0 0 
25-09-2019 23:41:26.757 -715168.976 6633928.45 -1302565.96 -4209.05957 -1579.08386 -5828.06055 
25-09-2019 23:41:35.757 -753015.358 6619316.35 -1354932.18 -4202.16455 -1656.78101 -5811.16895 
25-09-2019 23:41:46.558 -799195.151 6600622.92 -1418749.03 -4194.08936 -1741.99268 -5791.74121 
25-09-2019 23:41:53.160 -828535.029 6588239.62 -1459246.56 -4188.69385 -1796.08545 -5778.91406 
25-09-2019 23:42:04.160 -874562.264 6568015.94 -1522700.53 -4179.80273 -1880.87695 -5758.02734 
25-09-2019 23:42:13.359 -912146.295 6550776.6 -1574443.34 -4172.15186 -1950.04089 -5740.2793 
25-09-2019 23:42:22.359 -949659.99 6532915.75 -1626023.79 -4164.16602 -2019.00793 -5721.94141 
25-09-2019 23:42:31.757 -987100.271 6514435.13 -1677436.54 -4155.84375 -2087.77295 -5703.01416 
25-09-2019 23:42:42.960 -1036901.25 6488833.39 -1745716.83 -4144.22705 -2179.13574 -5676.86475 
25-09-2019 23:42:52.160 -1074158.64 6468913.88 -1796717.75 -4135.12646 -2247.40576 -5656.57178 
25-09-2019 23:43:03.160 -1119582.05 6443735.12 -1858800.11 -4123.55371 -2330.54126 -5630.97998 
25-09-2019 23:43:12.359 -1156650.14 6422455.32 -1909382.28 -4113.71484 -2398.30615 -5609.39697 
25-09-2019 23:43:21.359 -1193628.11 6400566.6 -1959767.58 -4103.54346 -2465.83472 -5587.2373 
25-09-2019 23:43:30.558 -1230513.02 6378071.15 -2009950.85 -4093.04102 -2533.12036 -5564.50342 
25-09-2019 23:43:39.160 -1267301.92 6354971.2 -2059926.91 -4082.20874 -2600.15649 -5541.19678 
25-09-2019 23:43:48.160 -1303991.81 6331269.01 -2109690.66 -4071.04712 -2666.93652 -5517.3208 
25-09-2019 23:43:59.359 -1348696.29 6301485.36 -2170217.22 -4056.95972 -2748.198 -5487.36963 
25-09-2019 23:44:08.359 -1385155.67 6276453.53 -2219490.88 -4045.07007 -2814.38379 -5462.23779 
25-09-2019 23:44:17.359 -1421506.57 6250827.24 -2268535.8 -4032.85425 -2880.29297 -5436.54443 
25-09-2019 23:44:26.558 -1457746.04 6224609 -2317346.97 -4020.31323 -2945.9187 -5410.29297 
25-09-2019 23:44:35.160 -1493871.17 6197801.38 -2365919.34 -4007.448 -3011.25537 -5383.48584 
25-09-2019 23:44:46.558 -1537864.59 6164240.03 -2424954.06 -3991.28467 -3090.7085 -5349.97119 
25-09-2019 23:44:55.761 -1573725.23 6136132.35 -2472978.04 -3977.70239 -3155.37842 -5321.93994 
25-09-2019 23:45:04.558 -1609462.19 6107444.05 -2520747.27 -3963.79932 -3219.73853 -5293.3623 
25-09-2019 23:45:13.160 -1645072.59 6078177.94 -2568256.87 -3949.57642 -3283.78271 -5264.2417 
25-09-2019 23:45:24.558 -1688420.35 6041627.76 -2625964.46 -3931.76025 -3361.62109 -5227.9165 
25-09-2019 23:45:33.558 -1723739.25 6011088.03 -2672879.7 -3916.83057 -3424.94116 -5197.6001 
25-09-2019 23:45:42.761 -1758922.36 5979979.95 -2719519.71 -3901.58496 -3487.92603 -5166.75098 
25-09-2019 23:45:54.160 -1805617.05 5937623.61 -2781269.95 -3880.76758 -3571.37378 -5124.79492 
25-09-2019 23:46:03.160 -1840472.29 5905201.19 -2827249.15 -3864.78857 -3633.55322 -5092.71436 
25-09-2019 23:46:12.160 -1875182.31 5872220.74 -2872937.26 -3848.49731 -3695.37769 -5060.11182 
25-09-2019 23:46:23.359 -1917404.25 5831158 -2928376.14 -3828.16333 -3770.45093 -5019.56055 
25-09-2019 23:46:32.558 -1951781.44 5796948.93 -2973400.66 -3811.18237 -3831.46606 -4985.81006 
25-09-2019 23:56:25.960 -3758292.14 2526723.14 -5077892.89 -2089.25537 -6791.75391 -1835.88562 
25-09-2019 23:56:34.761 -3774886.53 2472297.88 -5092374.03 -2059.31958 -6814.4668 -1784.38989 
25-09-2019 23:57:02.960 -3833020.95 2273530.61 -5141401.72 -1949.65613 -6892.48145 -1596.54944 
25-09-2019 23:57:11.164 -3848496.04 2218309.08 -5153965.64 -1919.0957 -6912.80469 -1544.427 
25-09-2019 23:57:22.562 -3869374.03 2142118.27 -5170559.18 -1876.86328 -6939.89893 -1472.55737 
25-09-2019 23:57:31.363 -3886109.64 2079562.22 -5183546.91 -1842.13013 -6961.33154 -1413.5885 
25-09-2019 23:57:40.164 -3902531.9 2016816.24 -5196003.23 -1807.23828 -6982.10059 -1354.4762 
25-09-2019 23:57:51.164 -3922176.02 1939877.55 -5210504.21 -1764.38123 -7006.58154 -1282.04199 
25-09-2019 23:58:00.363 -3937897.03 1876731.01 -5221775.33 -1729.14636 -7025.86963 -1222.63269 
25-09-2019 23:58:09.363 -3953300.27 1813413.9 -5232511.24 -1693.76135 -7044.48877 -1163.09949 
25-09-2019 23:58:21.164 -3973341.31 1728736.18 -5245991.36 -1646.35278 -7068.27002 -1083.53943 
25-09-2019 23:58:29.960 -3987997.91 1665044.53 -5255474.24 -1610.62817 -7085.32129 -1023.7403 
25-09-2019 23:58:39.164 -4002332.33 1601202.45 -5264418.46 -1574.76233 -7101.69824 -963.837341 
25-09-2019 23:58:48.164 -4016343.32 1537216.01 -5272823.08 -1538.75818 -7117.39893 -903.836548 
25-09-2019 23:58:59.164 -4033026.85 1458823.21 -5282361.4 -1494.56897 -7135.66943 -830.378296 
25-09-2019 23:59:10.761 -4049223.21 1380235.02 -5291090.99 -1450.18213 -7152.92529 -756.794128 
25-09-2019 23:59:17.363 -4059275.35 1330127.72 -5296224.48 -1421.83533 -7163.37744 -709.90741 
25-09-2019 23:59:29.164 -4076045.03 1244064.24 -5304260.65 -1373.06311 -7180.33594 -629.430359 
25-09-2019 23:59:37.964 -4088237.45 1179387.04 -5309653.61 -1336.33997 -7192.25879 -568.997192 
25-09-2019 23:59:47.164 -4100098.82 1114605.62 -5314502.4 -1299.49634 -7203.49756 -508.506195 
25-09-2019 23:59:58.164 -4114144.91 1035295.75 -5319688.98 -1254.30603 -7216.3042 -434.503235 
26-09-2019 00:00:06.964 -4125266.8 970304.762 -5323326.82 -1217.2052 -7226.02051 -373.905792 
26-09-2019 00:00:16.164 -4136054.27 905229.409 -5326419.09 -1179.99292 -7235.0498 -313.270325 
26-09-2019 00:00:27.562 -4148783.36 825587.319 -5329457.18 -1134.36438 -7245.15234 -239.11763 
26-09-2019 00:00:34.164 -4156622.02 774850.356 -5330965.72 -1105.24609 -7251.0459 -191.909912 
26-09-2019 00:00:43.164 -4166400.41 709559.047 -5332419.63 -1067.71716 -7258.01123 -131.197296 
26-09-2019 00:00:54.164 -4177892.38 629678.259 -5333454.48 -1021.71307 -7265.58838 -56.9754028 
26-09-2019 00:01:03.164 -4186917.98 564262.961 -5333693.87 -983.966125 -7271.02148 3.75860214 
26-09-2019 00:01:11.964 -4195603.44 498801.873 -5333386.64 -946.12561 -7275.76416 64.4923172 
26-09-2019 00:01:23.562 -4205755.87 418740.756 -5332268.88 -899.753357 -7280.62305 138.713028 
26-09-2019 00:01:32.562 -4213682.52 353200.164 -5330747.15 -861.715454 -7283.83057 199.424057 
26-09-2019 00:01:41.363 -4221266.45 287633.818 -5328679.12 -823.593384 -7286.34668 260.114929 
26-09-2019 00:01:50.164 -4228506.91 222047.938 -5326064.99 -785.390015 -7288.17188 320.779541 
26-09-2019 00:01:59.164 -4235403.2 156448.744 -5322905.03 -747.108398 -7289.30566 381.411713 
26-09-2019 00:02:10.363 -4243363.58 76262.9455 -5318302.07 -700.21759 -7289.75244 455.464691 
26-09-2019 00:02:19.363 -4249492.58 10656.4429 -5313930.37 -661.772339 -7289.34961 516.002869 
26-09-2019 00:02:28.761 -4255275.26 -54943.3254 -5309014.04 -623.258118 -7288.25537 576.488831 
26-09-2019 00:02:37.562 -4260711 -120530.14 -5303553.59 -584.67804 -7286.47021 636.916504 
26-09-2019 00:02:48.765 -4266882.71 -200665.133 -5296141.59 -537.43927 -7283.35059 710.684387 
26-09-2019 00:02:57.562 -4271545.47 -266200.892 -5289474.06 -498.723175 -7280.03076 770.960571 
26-09-2019 00:03:06.363 -4275859.53 -331703.665 -5282264.4 -459.950653 -7276.021 831.158691 
26-09-2019 00:04:53.562 -4300283.28 -1105734.79 -5155324.01 4.27098179 -7175.69922 1538.71545 
26-09-2019 00:05:04.765 -4299972.59 -1184581.61 -5138003.7 52.2219238 -7159.9126 1610.37695 
26-09-2019 00:05:13.562 -4299326.02 -1248959.81 -5123247.18 91.4700546 -7146.24268 1668.82813 
26-09-2019 00:05:22.562 -4298326.16 -1313211.95 -5107965.33 130.729004 -7131.89648 1727.11023 
26-09-2019 00:05:33.562 -4296624.17 -1391562.25 -5088576.37 178.722397 -7113.44531 1798.10571 
26-09-2019 00:05:40.164 -4295266.19 -1441313.67 -5075831.9 209.267105 -7101.17969 1843.14355 
26-09-2019 00:07:48.164 -4232773.56 -2332799.22 -4788162.79 766.49707 -6806.05713 2643.98242 
26-09-2019 00:07:57.363 -4225699.74 -2393938.47 -4764121.64 805.459167 -6780.33252 2698.43774 
26-09-2019 00:08:06.363 -4218275.45 -2454843.31 -4739591.61 844.375854 -6753.96729 2752.61865 
26-09-2019 00:08:15.566 -4210501.14 -2515508.01 -4714575.2 883.24408 -6726.96338 2806.52026 
26-09-2019 00:08:24.363 -4202377.23 -2575926.79 -4689074.96 922.06073 -6699.32324 2860.13647 
26-09-2019 00:08:33.164 -4193904.21 -2636093.96 -4663093.47 960.822754 -6671.0498 2913.46216 
26-09-2019 00:08:44.566 -4183074.93 -2709281.62 -4630688.64 1008.11975 -6635.63721 2978.23535 
26-09-2019 00:08:53.566 -4173827.97 -2768869.33 -4603647.24 1046.74915 -6605.96631 3030.89551 
26-09-2019 00:09:02.363 -4164233.68 -2828187.27 -4576133.26 1085.31384 -6575.6709 3083.24756 
26-09-2019 00:09:11.363 -4154292.6 -2887229.74 -4548149.53 1123.81091 -6544.75391 3135.28613 
26-09-2019 00:09:20.164 -4144005.37 -2945991.16 -4519698.88 1162.23706 -6513.21826 3187.00562 
26-09-2019 00:09:29.164 -4133372.61 -3004465.98 -4490784.21 1200.58948 -6481.06689 3238.40112 
26-09-2019 00:09:40.363 -4119908.77 -3075537.89 -4454818.21 1247.35974 -6440.93945 3300.77002 
26-09-2019 00:10:42.164 -4034452.87 -3467489.48 -4239485.05 1508.55615 -6197.93555 3642.64771 
26-09-2019 00:10:50.765 -4022250.86 -3516939.67 -4210172.14 1541.92786 -6164.53271 3685.51318 
26-09-2019 00:11:07.765 -3995437.1 -3621123.36 -4146750.5 1612.56567 -6092.02686 3775.61304 
26-09-2019 00:11:16.164 -3980756.35 -3675775.6 -4112557.45 1649.80408 -6052.80908 3822.75928 
26-09-2019 00:11:22.964 -3969106.58 -3718037.32 -4085670.54 1678.68896 -6021.91113 3859.15967 
26-09-2019 00:11:33.964 -3950391.95 -3784008.27 -4042907.19 1723.9375 -5972.6626 3915.87817 
26-09-2019 00:11:42.964 -3934710.41 -3837578.56 -4007457.09 1760.82642 -5931.74121 3961.84082 
26-09-2019 00:11:51.964 -3918697.39 -3890778.04 -3971595.11 1797.5929 -5890.26025 4007.39966 
26-09-2019 00:12:03.367 -3898677.47 -3955288.7 -3927209.86 1842.35876 -5838.80664 4062.5271 
26-09-2019 00:12:12.164 -3881931.94 -4007646.17 -3890445.82 1878.84204 -5796.0957 4107.17139 
26-09-2019 00:12:21.367 -3864858.66 -4059616.82 -3853281.87 1915.19312 -5752.8374 4151.396 
26-09-2019 00:12:32.566 -3843547.97 -4122603.93 -3807321.7 1959.43823 -5699.22949 4204.87305 
26-09-2019 00:12:41.566 -3825750.69 -4173697.34 -3769282.69 1995.48462 -5654.771 4248.15039 
26-09-2019 00:12:50.964 -3805596.25 -4229995.52 -3726562.77 2035.36963 -5604.74707 4295.72754 
26-09-2019 00:12:59.964 -3787116.95 -4280233.62 -3687710.22 2071.11304 -5559.16699 4338.08398 
26-09-2019 00:13:08.964 -3768316.63 -4330059.07 -3648478.45 2106.70801 -5513.06299 4379.99707 
26-09-2019 00:13:17.566 -3751336.81 -4373998.19 -3613290.64 2138.22144 -5471.64502 4416.87793 
26-09-2019 00:13:26.964 -3729758.32 -4428453.46 -3568893.31 2177.44189 -5419.29932 4462.47705 
26-09-2019 00:13:37.964 -3705570.17 -4487745.78 -3519533.04 2220.36035 -5360.99121 4511.98584 
26-09-2019 00:13:46.964 -3685429.57 -4535777.87 -3478744.76 2255.29712 -5312.72266 4551.98096 
26-09-2019 00:13:58.367 -3660387.42 -4593890.3 -3428406.86 2297.77515 -5253.04785 4600.23145 
26-09-2019 00:14:07.566 -3639551.74 -4640945.92 -3386829.04 2332.34448 -5203.67285 4639.18652 
26-09-2019 00:14:16.566 -3618405.7 -4687554.95 -3344902.76 2366.74365 -5153.80811 4677.66748 
26-09-2019 00:14:27.566 -3592141.3 -4743908.67 -3293192.55 2408.55176 -5092.20264 4724.04932 
26-09-2019 00:14:36.964 -3567866.69 -4794548.04 -3245743.77 2446.33057 -5035.57617 4765.58838 
26-09-2019 00:14:47.964 -3540729.62 -4849593.71 -3193074.04 2487.63062 -4972.61133 4810.58594 
26-09-2019 00:14:57.167 -3518189.64 -4894113.38 -3149615.1 2521.21826 -4920.57373 4846.85498 
26-09-2019 00:15:05.765 -3497900.98 -4933291.62 -3110712.63 2550.91772 -4873.92969 4878.67773 
26-09-2019 00:15:14.765 -3474793.01 -4976919.24 -3066645.09 2584.15161 -4821.02197 4914.00635 
26-09-2019 00:15:23.765 -3451386.8 -5020068.64 -3022261.87 2617.19385 -4767.66064 4948.83203 
26-09-2019 00:15:32.765 -3427684.08 -5062735.76 -2977567.48 2650.04175 -4713.85107 4983.15039 
26-09-2019 00:15:44.566 -3395622.26 -5118868.12 -2917498.87 2693.53198 -4641.41602 5028.11377 
26-09-2019 00:15:53.566 -3371234.57 -5160394.4 -2872096.33 2725.91577 -4586.58008 5061.23584 
26-09-2019 00:16:02.367 -3346556.35 -5201425.21 -2826398.02 2758.09619 -4531.31348 5093.83887 
26-09-2019 00:16:11.367 -3321589.43 -5241956.71 -2780408.63 2790.06982 -4475.62109 5125.91992 
26-09-2019 00:16:20.367 -3296335.68 -5281985.08 -2734132.87 2821.83472 -4419.5083 5157.4751 
26-09-2019 00:16:31.765 -3265083.24 -5330219.9 -2677191.64 2860.37012 -4350.36328 5195.32422 
26-09-2019 00:16:49.167 -3213033.97 -5407498.69 -2583130.48 2922.73242 -4235.90527 5255.53955 
26-09-2019 00:16:58.167 -3186590.36 -5445361.89 -2535698.28 2953.58398 -4178.07764 5284.83984 
26-09-2019 00:17:07.367 -3159870.1 -5482702.86 -2488004.82 2984.2124 -4119.8584 5313.59766 
26-09-2019 00:18:11.566 -2962060.8 -5732878.53 -2141748.95 3195.33984 -3695.05518 5502.19531 
26-09-2019 00:18:20.367 -2933173.3 -5765858.91 -2092119.56 3224.05908 -3633.86963 5526.4458 
26-09-2019 00:18:35.367 -2884456.66 -5819597.61 -2008927.1 3271.37378 -3531.14258 5565.6001 
26-09-2019 00:18:44.167 -2854887.85 -5851098.77 -1958733.91 3299.42847 -3469.06567 5588.33008 
26-09-2019 00:18:55.765 -2818407.07 -5888839.18 -1897112.9 3333.37231 -3392.75537 5615.33057 
26-09-2019 00:19:05.167 -2784920.44 -5922418.11 -1840839.92 3363.89746 -3322.97266 5639.12744 
26-09-2019 00:19:16.167 -2747734.56 -5958546.59 -1778669.21 3397.10449 -3245.77124 5664.47705 
26-09-2019 00:19:22.968 -2723881.47 -5981094.3 -1738962.74 3418.03247 -3196.40771 5680.15576 
26-09-2019 00:19:34.566 -2686103.71 -6015826.58 -1676348.64 3450.59546 -3118.47485 5704.07813 
26-09-2019 00:19:43.367 -2654929.66 -6043604.71 -1624926.36 3476.94067 -3054.3894 5722.99902 
26-09-2019 00:19:52.566 -2623519.68 -6070804.79 -1573336.41 3503.01636 -2990.021 5741.33057 
26-09-2019 00:20:01.566 -2591876.26 -6097424.3 -1521584.16 3528.81958 -2925.37549 5759.0708 
26-09-2019 00:20:12.968 -2549326.15 -6132009.63 -1452337.87 3562.79639 -2838.76172 5781.80176 
26-09-2019 00:20:21.765 -2520734.18 -6154487.88 -1406024.88 3585.17383 -2780.75928 5796.36768 
26-09-2019 00:20:30.367 -2488355.36 -6179220.2 -1353785.92 3610.08423 -2715.2644 5812.18994 
26-09-2019 00:20:39.367 -2455753.61 -6203361.94 -1301407.25 3634.7124 -2649.51904 5827.41406 
26-09-2019 00:20:50.968 -2411942.24 -6234628.39 -1231361 3667.10767 -2561.48022 5846.77783 
26-09-2019 00:20:59.968 -2378830.26 -6257383.53 -1178677.33 3691.06934 -2495.17578 5860.59814 
26-09-2019 00:21:08.566 -2349217.35 -6277108.55 -1131745.09 3712.12549 -2436.0459 5872.37598 
26-09-2019 00:21:20.367 -2304484.45 -6305807.36 -1061174.85 3743.27759 -2347.02197 5889.14453 
26-09-2019 00:21:27.167 -2278218.66 -6322054.22 -1019918.11 3761.2085 -2294.91406 5898.42822 
26-09-2019 00:21:35.968 -2244265.03 -6342406.29 -966780.481 3783.99927 -2227.73242 5909.82373 
26-09-2019 00:21:47.367 -2202489.67 -6366458.49 -901699.485 3811.44971 -2145.34644 5922.92334 
