1 11561U 79087A   20001.91878961 -.00000280  00000-0  00000-0 0  9998
2 11561  11.1333 311.8086 0004628  51.7744 165.4654  1.00273768 23722
1 11561U 79087A   20002.82688347 -.00000277  00000-0  00000+0 0  9991
2 11561  11.1314 311.7976 0004721  52.0477 133.0212  1.00273522109284
1 11561U 79087A   20002.91226993 -.00000277  00000-0  00000-0 0  9997
2 11561  11.1312 311.7965 0004733  52.0946 163.7974  1.00273455 23739
1 11561U 79087A   20003.82475014 -.00000274  00000-0  00000-0 0  9995
2 11561  11.1295 311.7853 0004841  52.3943 132.9063  1.00273138 23741
1 11561U 79087A   20004.82979991 -.00000270  00000-0  00000+0 0  9994
2 11561  11.1273 311.7730 0004938  52.7638 135.3590  1.00272727109305
1 11561U 79087A   20004.82979991 -.00000270  00000-0  00000-0 0  9995
2 11561  11.1273 311.7730 0004938  52.7638 135.3590  1.00272727 23759
1 11561U 79087A   20005.84948287 -.00000266  00000-0  00000-0 0  9997
2 11561  11.1251 311.7605 0005053  53.1743 143.0509  1.00272288 23766
1 11561U 79087A   20006.83972039 -.00000263  00000-0  00000+0 0  9995
2 11561  11.1230 311.7482 0005145  53.5442 140.1555  1.00271935109322
1 11561U 79087A   20006.83972039 -.00000263  00000-0  00000-0 0  9996
2 11561  11.1230 311.7482 0005145  53.5442 140.1555  1.00271935 23776
1 11561U 79087A   20007.84474459 -.00000261  00000-0  00000-0 0  9999
2 11561  11.1209 311.7358 0005252  53.9325 142.5758  1.00271520 23789
1 11561U 79087A   20008.89367822 -.00000260  00000-0  00000+0 0  9998
2 11561  11.1187 311.7228 0005371  54.3009 160.8653  1.00271075109345
1 11561U 79087A   20008.89367822 -.00000261  00000-0  00000-0 0  9990
2 11561  11.1187 311.7228 0005371  54.3009 160.8653  1.00271075 23799
1 11561U 79087A   20009.78295890 -.00000262  00000-0  00000-0 0  9995
2 11561  11.1169 311.7119 0005466  54.5681 121.6231  1.00270741 23809
1 11561U 79087A   20010.78785484 -.00000264  00000-0  00000-0 0  9992
2 11561  11.1148 311.6994 0005574  54.8532 124.0986  1.00270375 23812
1 11561U 79087A   20011.27827274 -.00000266  00000-0  00000+0 0  9992
2 11561  11.1138 311.6934 0005624  54.9238 301.0634  1.00270159109378
1 11561U 79087A   20012.78660476 -.00000274  00000-0  00000-0 0  9998
2 11561  11.1108 311.6748 0005778  55.4161 125.0616  1.00269525 23834
1 11561U 79087A   20014.30527130 -.00000281  00000-0  00000+0 0  9994
2 11561  11.1077 311.6563 0005943  55.6644 313.0350  1.00268982109404
1 11561U 79087A   20014.78409137 -.00000283  00000-0  00000-0 0  9995
2 11561  11.1067 311.6504 0005995  55.8668 125.6804  1.00268802 23859
1 11561U 79087A   20015.31027532 -.00000284  00000-0  00000-0 0  9991
2 11561  11.1056 311.6440 0006046  55.8264 315.6685  1.00268668 23865
1 11561U 79087A   20015.74113428 -.00000285  00000-0  00000-0 0  9999
2 11561  11.1048 311.6388 0006085  55.9849 111.0410  1.00268439 23860
1 11561U 79087A   20016.74605914 -.00000286  00000-0  00000+0 0  9996
2 11561  11.1027 311.6265 0006208  56.2184 113.5672  1.00268004109426
1 11561U 79087A   20016.81776720 -.00000286  00000-0  00000-0 0  9999
2 11561  11.1026 311.6257 0006213  56.2322 139.4396  1.00267997 23870
1 11561U 79087A   20017.92921655 -.00000285  00000-0  00000-0 0  9990
2 11561  11.1003 311.6121 0006334  56.4660 180.4193  1.00267568 23882
1 11561U 79087A   20018.78521816 -.00000283  00000-0  00000+0 0  9997
2 11561  11.0985 311.6015 0006411  56.6312 129.2537  1.00267213109441
1 11561U 79087A   20018.94385890 -.00000283  00000-0  00000-0 0  9996
2 11561  11.0981 311.5996 0006422  56.6717 186.4806  1.00267184 23890
1 11561U 79087A   20019.27202234 -.00000282  00000-0  00000-0 0  9992
2 11561  11.0975 311.5955 0006468  56.7118 304.9012  1.00267059 23903
1 11561U 79087A   20019.95804274 -.00000281  00000-0  00000-0 0  9998
2 11561  11.0961 311.5871 0006544  56.9570 192.2936  1.00266761 23906
1 11561U 79087A   20020.78944531 -.00000279  00000-0  00000+0 0  9998
2 11561  11.0943 311.5769 0006634  57.1925 132.1751  1.00266399109460
1 11561U 79087A   20020.97353524 -.00000279  00000-0  00000-0 0  9996
2 11561  11.0939 311.5746 0006657  57.2708 198.5487  1.00266322 23918
1 11561U 79087A   20022.03732219 -.00000277  00000-0  00000-0 0  9995
2 11561  11.0917 311.5613 0006783  57.6650 222.1568  1.00265908 23921
1 11561U 79087A   20022.86389409 -.00000277  00000-0  00000+0 0  9994
2 11561  11.0900 311.5510 0006885  57.9599 160.2309  1.00265507109483
1 11561U 79087A   20023.86431793 -.00000278  00000-0  00000-0 0  9991
2 11561  11.0880 311.5386 0007000  58.3329 160.9847  1.00265116 23943
1 11561U 79087A   20024.78590938 -.00000279  00000-0  00000-0 0  9991
2 11561  11.0860 311.5271 0007106  58.6917 133.2958  1.00264775 23954
1 11561U 79087A   20025.71919576 -.00000279  00000-0  00000+0 0  9997
2 11561  11.0841 311.5156 0007207  59.0650 109.8101  1.00264370109513
1 11561U 79087A   20025.83533720 -.00000279  00000-0  00000-0 0  9994
2 11561  11.0839 311.5142 0007214  59.1222 151.6766  1.00264333 23964
1 11561U 79087A   20026.85047965 -.00000280  00000-0  00000-0 0  9990
2 11561  11.0817 311.5016 0007330  59.6123 157.6212  1.00263933 23972
1 11561U 79087A   20027.72910719 -.00000279  00000-0  00000+0 0  9990
2 11561  11.0799 311.4908 0007425  60.0199 114.3689  1.00263569109534
1 11561U 79087A   20028.73408858 -.00000278  00000-0  00000-0 0  9998
2 11561  11.0778 311.4784 0007532  60.5268 116.6262  1.00263181 23991
1 11561U 79087A   20029.73906866 -.00000275  00000-0  00000+0 0  9997
2 11561  11.0757 311.4661 0007639  61.0587 118.8555  1.00262776109555
1 11561U 79087A   20030.78840986 -.00000272  00000-0  00000-0 0  9992
2 11561  11.0735 311.4532 0007737  61.5909 137.0968  1.00262382 24011
1 11561U 79087A   20031.74903819 -.00000269  00000-0  00000+0 0  9999
2 11561  11.0715 311.4413 0007836  62.1436 123.2942  1.00262021109573
1 11561U 79087A   20031.74903819 -.00000269  00000-0  00000-0 0  9990
2 11561  11.0715 311.4413 0007836  62.1436 123.2942  1.00262021 24029
1 11561U 79087A   20032.80995078 -.00000265  00000-0  00000-0 0  9992
2 11561  11.0693 311.4282 0007905  62.6300 145.7558  1.00261642 24031
1 11561U 79087A   20033.68729645 -.00000262  00000-0  00000-0 0  9991
2 11561  11.0674 311.4174 0007966  63.0280 102.0433  1.00261303 24042
1 11561U 79087A   20034.77204867 -.00000259  00000-0  00000+0 0  9991
2 11561  11.0652 311.4039 0008130  63.8097 132.8086  1.00260840109602
1 11561U 79087A   20034.77204867 -.00000260  00000-0  00000-0 0  9994
2 11561  11.0652 311.4039 0008130  63.8097 132.8086  1.00260840 24057
1 11561U 79087A   20035.78036816 -.00000259  00000-0  00000-0 0  9991
2 11561  11.0632 311.3915 0008212  64.2824 136.2956  1.00260470 24065
1 11561U 79087A   20036.70216800 -.00000259  00000-0  00000-0 0  9997
2 11561  11.0613 311.3801 0008268  64.6222 108.6832  1.00260094 24074
1 11561U 79087A   20038.69100059 -.00000265  00000-0  00000+0 0  9991
2 11561  11.0573 311.3555 0008471  65.6999 105.4818  1.00259375109649
1 11561U 79087A   20038.92278652 -.00000267  00000-0  00000-0 0  9995
2 11561  11.0568 311.3527 0008446  65.6141 189.2322  1.00259317 24094
1 11561U 79087A   20040.78531997 -.00000276  00000-0  00000-0 0  9996
2 11561  11.0531 311.3298 0008616  66.4607 140.6674  1.00258610 24113
1 11561U 79087A   20040.88369436 -.00000277  00000-0  00000-0 0  9995
2 11561  11.0529 311.3286 0008612  66.4257 176.2110  1.00258585109669
1 11561U 79087A   20041.72705168 -.00000280  00000-0  00000-0 0  9999
2 11561  11.0512 311.3183 0008688  66.7725 120.2710  1.00258226 24127
1 11561U 79087A   20042.85341257 -.00000284  00000-0  00000-0 0  9993
2 11561  11.0490 311.3045 0008775  67.1205 166.4811  1.00257845 24135
1 11561U 79087A   20043.66529498 -.00000285  00000-0  00000+0 0  9998
2 11561  11.0474 311.2947 0008849  67.4124  99.2339  1.00257520109695
1 11561U 79087A   20043.73700296 -.00000285  00000-0  00000-0 0  9994
2 11561  11.0473 311.2938 0008854  67.4343 125.0942  1.00257483 24145
1 11561U 79087A   20044.86674545 -.00000285  00000-0  00000-0 0  9996
2 11561  11.0450 311.2801 0008949  67.7951 172.5074  1.00257064 24151
1 11561U 79087A   20045.69632782 -.00000284  00000-0  00000+0 0  9993
2 11561  11.0433 311.2699 0009029  68.0883 111.6464  1.00256752109711
1 11561U 79087A   20045.88595422 -.00000284  00000-0  00000-0 0  9994
2 11561  11.0430 311.2677 0009044  68.1539 180.0248  1.00256684 24169
1 11561U 79087A   20046.67454662 -.00000282  00000-0  00000-0 0  9990
2 11561  11.0414 311.2580 0009124  68.4400 104.3751  1.00256395 24171
1 11561U 79087A   20047.20119019 -.00000281  00000-0  00000-0 0  9993
2 11561  11.0403 311.2516 0009158  68.5341 294.3671  1.00256178 24181
1 11561U 79087A   20047.85206244 -.00000280  00000-0  00000+0 0  9999
2 11561  11.0390 311.2436 0009222  68.8299 168.9967  1.00255923109730
1 11561U 79087A   20048.69014240 -.00000279  00000-0  00000-0 0  9994
2 11561  11.0373 311.2333 0009297  69.0776 111.2449  1.00255607 24193
1 11561U 79087A   20049.69509531 -.00000278  00000-0  00000-0 0  9996
2 11561  11.0352 311.2209 0009392  69.4612 113.5871  1.00255233 24202
1 11561U 79087A   20050.19841258 -.00000278  00000-0  00000+0 0  9997
2 11561  11.0342 311.2147 0009453  69.7206 294.9903  1.00254977109761
1 11561U 79087A   20050.70005087 -.00000279  00000-0  00000-0 0  9998
2 11561  11.0332 311.2085 0009513  69.9884 115.7832  1.00254815 24210
1 11561U 79087A   20051.70507514 -.00000280  00000-0  00000-0 0  9993
2 11561  11.0312 311.1962 0009609  70.4294 118.0912  1.00254458 24228
1 11561U 79087A   20052.13544806 -.00000280  00000-0  00000-0 0  9996
2 11561  11.0303 311.1909 0009650  70.6637 273.1918  1.00254274 24223
1 11561U 79087A   20052.70998397 -.00000280  00000-0  00000+0 0  9996
2 11561  11.0291 311.1839 0009712  70.9485 120.2762  1.00254059109789
1 11561U 79087A   20052.85543887 -.00000281  00000-0  00000-0 0  9994
2 11561  11.0288 311.1821 0009724  71.0363 172.6874  1.00254000 24233
1 11561U 79087A   20053.86753549 -.00000281  00000-0  00000-0 0  9994
2 11561  11.0267 311.1697 0009816  71.5290 177.4912  1.00253598 24245
1 11561U 79087A   20054.71996855 -.00000281  00000-0  00000+0 0  9997
2 11561  11.0250 311.1593 0009896  71.9464 124.7436  1.00253301109801
1 11561U 79087A   20054.87955932 -.00000281  00000-0  00000-0 0  9996
2 11561  11.0246 311.1574 0009912  72.0529 182.2379  1.00253243 24253
1 11561U 79087A   20055.82980545 -.00000280  00000-0  00000-0 0  9999
2 11561  11.0227 311.1459 0009999  72.5556 164.7058  1.00252883 24263
1 11561U 79087A   20056.65817698 -.00000278  00000-0  00000-0 0  9996
2 11561  11.0209 311.1358 0010070  72.9837 103.2596  1.00252577 24275
1 11561U 79087A   20058.86128344 -.00000271  00000-0  00000-0 0  9997
2 11561  11.0164 311.1091 0010255  74.2043 177.1952  1.00251787 24298
1 11561U 79087A   20058.92568358 -.00000270  00000-0  00000+0 0  9995
2 11561  11.0163 311.1083 0010264  74.2614 200.3814  1.00251758109841
1 11561U 79087A   20059.67289921 -.00000268  00000-0  00000-0 0  9992
2 11561  11.0147 311.0992 0010320  74.6504 109.6801  1.00251490 24303
1 11561U 79087A   20061.10863977 -.00000262  00000-0  00000+0 0  9995
2 11561  11.0117 311.0817 0010434  75.4700 267.0498  1.00250977109875
1 11561U 79087A   20061.64665962 -.00000261  00000-0  00000-0 0  9998
2 11561  11.0106 311.0751 0010472  75.7305 100.9720  1.00250780 24327
1 11561U 79087A   20062.11358678 -.00000260  00000-0  00000-0 0  9993
2 11561  11.0097 311.0695 0010500  75.9928 269.2353  1.00250684 24322
1 11561U 79087A   20062.65465317 -.00000259  00000-0  00000-0 0  9999
2 11561  11.0086 311.0629 0010546  76.3516 104.1569  1.00250457 24330
1 11561U 79087A   20063.11853976 -.00000259  00000-0  00000-0 0  9993
2 11561  11.0076 311.0572 0010579  76.6051 271.3293  1.00250319109892
1 11561U 79087A   20063.79450330 -.00000259  00000-0  00000-0 0  9994
2 11561  11.0063 311.0490 0010623  76.9411 154.9594  1.00250040 24347
1 11561U 79087A   20064.12350799 -.00000260  00000-0  00000-0 0  9992
2 11561  11.0057 311.0451 0010649  77.1250 273.5183  1.00249915 24340
1 11561U 79087A   20064.62607421 -.00000261  00000-0  00000-0 0  9995
2 11561  11.0046 311.0390 0010684  77.4002  94.6282  1.00249739 24354
1 11561U 79087A   20066.63600562 -.00000268  00000-0  00000+0 0  9993
2 11561  11.0007 311.0147 0010820  78.4172  99.0288  1.00249087109920
1 11561U 79087A   20067.64095185 -.00000273  00000-0  00000-0 0  9991
2 11561  10.9987 311.0026 0010887  78.8880 101.2567  1.00248734 24384
1 11561U 79087A   20068.12618964 -.00000275  00000-0  00000-0 0  9993
2 11561  10.9978 310.9969 0010936  79.1262 276.1449  1.00248528 24383
1 11561U 79087A   20069.87209793 -.00000282  00000-0  00000+0 0  9999
2 11561  10.9943 310.9759 0011052  79.8849 185.5062  1.00247960109950
1 11561U 79087A   20069.87209793 -.00000282  00000-0  00000-0 0  9990
2 11561  10.9943 310.9759 0011052  79.8849 185.5062  1.00247960 24406
1 11561U 79087A   20070.65579984 -.00000283  00000-0  00000-0 0  9991
2 11561  10.9928 310.9665 0011112  80.2424 107.9955  1.00247708 24417
1 11561U 79087A   20071.08653604 -.00000284  00000-0  00000-0 0  9992
2 11561  10.9919 310.9614 0011148  80.3947 263.2991  1.00247553 24415
1 11561U 79087A   20071.58910215 -.00000284  00000-0  00000-0 0  9991
2 11561  10.9909 310.9554 0011187  80.6435  84.4308  1.00247372 24420
1 11561U 79087A   20072.09151507 -.00000283  00000-0  00000+0 0  9997
2 11561  10.9900 310.9494 0011222  80.8189 265.5789  1.00247177109985
1 11561U 79087A   20072.13729948 -.00000283  00000-0  00000-0 0  9993
2 11561  10.9899 310.9489 0011227  80.8414 282.0803  1.00247161 24432
1 11561U 79087A   20073.67068557 -.00000281  00000-0  00000-0 0  9993
2 11561  10.9868 310.9306 0011343  81.4997 114.8318  1.00246638 24440
1 11561U 79087A   20074.11507620 -.00000279  00000-0  00000+0 0  9998
2 11561  10.9859 310.9252 0011377  81.6783 275.0348  1.00246459110004
1 11561U 79087A   20074.67532965 -.00000278  00000-0  00000-0 0  9999
2 11561  10.9848 310.9185 0011427  81.9605 116.9523  1.00246297 24450
1 11561U 79087A   20075.77691451 -.00000276  00000-0  00000-0 0  9995
2 11561  10.9826 310.9053 0011511  82.4132 154.0658  1.00245917 24466
1 11561U 79087A   20076.11135720 -.00000276  00000-0  00000-0 0  9996
2 11561  10.9819 310.9012 0011530  82.5032 274.6777  1.00245819 24466
1 11561U 79087A   20077.11631465 -.00000275  00000-0  00000-0 0  9993
2 11561  10.9798 310.8891 0011609  82.9425 276.9276  1.00245424110033
1 11561U 79087A   20077.61881148 -.00000275  00000-0  00000-0 0  9993
2 11561  10.9788 310.8830 0011653  83.1728  98.0499  1.00245261 24485
1 11561U 79087A   20078.12122292 -.00000275  00000-0  00000-0 0  9998
2 11561  10.9778 310.8769 0011689  83.4055 279.1373  1.00245087 24490
1 11561U 79087A   20078.62374714 -.00000276  00000-0  00000-0 0  9992
2 11561  10.9768 310.8709 0011736  83.6687 100.2357  1.00244921 24491
1 11561U 79087A   20079.84311144 -.00000276  00000-0  00000+0 0  9994
2 11561  10.9743 310.8562 0011829  84.2730 179.6952  1.00244436110050
1 11561U 79087A   20079.84311144 -.00000277  00000-0  00000-0 0  9996
2 11561  10.9743 310.8562 0011829  84.2730 179.6952  1.00244436 24504
1 11561U 79087A   20080.12200993 -.00000277  00000-0  00000-0 0  9998
2 11561  10.9737 310.8528 0011851  84.4201 280.2005  1.00244312 24511
1 11561U 79087A   20080.77987887 -.00000277  00000-0  00000-0 0  9993
2 11561  10.9724 310.8449 0011912  84.8018 157.2444  1.00244149 24515
1 11561U 79087A   20081.87465882 -.00000276  00000-0  00000+0 0  9999
2 11561  10.9701 310.8319 0011997  85.3839 191.7648  1.00243810110076
1 11561U 79087A   20083.59910338 -.00000273  00000-0  00000-0 0  9999
2 11561  10.9666 310.8114 0012142  86.3545  93.1362  1.00243248 24546
1 11561U 79087A   20084.60118733 -.00000270  00000-0  00000+0 0  9997
2 11561  10.9645 310.7995 0012212  86.8947  94.2397  1.00242911110102
1 11561U 79087A   20084.60118733 -.00000270  00000-0  00000-0 0  9998
2 11561  10.9645 310.7995 0012212  86.8947  94.2397  1.00242911 24555
1 11561U 79087A   20086.60049545 -.00000262  00000-0  00000-0 0  9995
2 11561  10.9603 310.7757 0012360  88.0685  94.5971  1.00242283 24577
1 11561U 79087A   20087.59664299 -.00000257  00000-0  00000+0 0  9996
2 11561  10.9582 310.7639 0012421  88.6120  93.5498  1.00241920110138
1 11561U 79087A   20088.59702101 -.00000253  00000-0  00000-0 0  9999
2 11561  10.9561 310.7519 0012485  89.1829  94.0034  1.00241620 24597
1 11561U 79087A   20089.10400726 -.00000252  00000-0  00000-0 0  9994
2 11561  10.9551 310.7459 0012521  89.5221 276.6275  1.00241446 24603
1 11561U 79087A   20089.60659729 -.00000250  00000-0  00000+0 0  9995
2 11561  10.9541 310.7399 0012553  89.7964  97.7319  1.00241297110157
1 11561U 79087A   20090.03726890 -.00000249  00000-0  00000-0 0  9997
2 11561  10.9531 310.7348 0012577  90.0349 252.9181  1.00241212 24601
1 11561U 79087A   20090.70180245 -.00000249  00000-0  00000-0 0  9999
2 11561  10.9518 310.7268 0012614  90.3953 132.3787  1.00241015 24618
1 11561U 79087A   20091.83013101 -.00000249  00000-0  00000-0 0  9990
2 11561  10.9495 310.7133 0012680  91.0652 178.9024  1.00240613 24624
1 11561U 79087A   20092.08174338 -.00000250  00000-0  00000-0 0  9990
2 11561  10.9489 310.7104 0012697  91.1997 269.5704  1.00240536 24633
1 11561U 79087A   20092.81178609 -.00000251  00000-0  00000-0 0  9997
2 11561  10.9475 310.7017 0012731  91.5775 172.6533  1.00240321 24634
1 11561U 79087A   20093.78155545 -.00000255  00000-0  00000-0 0  9992
2 11561  10.9455 310.6902 0012776  92.0481 162.1546  1.00240010 24647
1 11561U 79087A   20094.07410314 -.00000255  00000-0  00000+0 0  9992
2 11561  10.9449 310.6868 0012794  92.1798 267.5977  1.00239928110205
1 11561U 79087A   20094.55961248 -.00000258  00000-0  00000-0 0  9996
2 11561  10.9440 310.6810 0012820  92.4554  82.5346  1.00239800 24653
1 11561U 79087A   20095.05504045 -.00000260  00000-0  00000-0 0  9993
2 11561  10.9430 310.6752 0012842  92.6546 261.1261  1.00239673 24653
1 11561U 79087A   20095.87245782 -.00000263  00000-0  00000-0 0  9996
2 11561  10.9413 310.6656 0012881  93.0814 195.6884  1.00239410 24665
1 11561U 79087A   20096.06700280 -.00000264  00000-0  00000-0 0  9998
2 11561  10.9410 310.6633 0012896  93.1587 265.8185  1.00239361 24660
1 11561U 79087A   20096.56956546 -.00000265  00000-0  00000+0 0  9991
2 11561  10.9400 310.6574 0012924  93.4553  86.8856  1.00239186110220
1 11561U 79087A   20097.07201917 -.00000267  00000-0  00000-0 0  9996
2 11561  10.9390 310.6515 0012948  93.6402 268.0253  1.00239044 24686
1 11561U 79087A   20097.82440184 -.00000268  00000-0  00000-0 0  9991
2 11561  10.9374 310.6427 0012981  93.9885 179.1963  1.00238841 24689
1 11561U 79087A   20098.57063212 -.00000268  00000-0  00000+0 0  9996
2 11561  10.9360 310.6339 0013025  94.3335  88.1484  1.00238607110246
1 11561U 79087A   20099.51271098 -.00000267  00000-0  00000-0 0  9994
2 11561  10.9341 310.6228 0013079  94.7622  67.6912  1.00238272 24705
1 11561U 79087A   20099.82661834 -.00000266  00000-0  00000-0 0  9998
2 11561  10.9334 310.6191 0013090  94.9025 180.8339  1.00238222 24704
1 11561U 79087A   20100.51766265 -.00000265  00000-0  00000-0 0  9990
2 11561  10.9320 310.6110 0013133  95.2101  69.9076  1.00238030 24710
1 11561U 79087A   20100.58930198 -.00000264  00000-0  00000+0 0  9993
2 11561  10.9319 310.6101 0013136  95.2418  95.7280  1.00237990110266
1 11561U 79087A   20100.83896574 -.00000264  00000-0  00000-0 0  9991
2 11561  10.9314 310.6072 0013144  95.3466 185.7208  1.00237931 24710
1 11561U 79087A   20101.05258050 -.00000263  00000-0  00000-0 0  9996
2 11561  10.9310 310.6047 0013159  95.4507 262.7038  1.00237849 24716
1 11561U 79087A   20101.59408955 -.00000261  00000-0  00000-0 0  9994
2 11561  10.9299 310.5983 0013193  95.7081  97.8624  1.00237669 24727
1 11561U 79087A   20102.09651042 -.00000260  00000-0  00000-0 0  9996
2 11561  10.9288 310.5923 0013209  95.8454 279.0359  1.00237542 24732
1 11561U 79087A   20102.59904074 -.00000258  00000-0  00000+0 0  9993
2 11561  10.9278 310.5864 0013243  96.0921 100.1379  1.00237366110281
1 11561U 79087A   20103.02977965 -.00000258  00000-0  00000-0 0  9992
2 11561  10.9269 310.5813 0013259  96.2520 255.4204  1.00237266 24733
1 11561U 79087A   20103.53234560 -.00000257  00000-0  00000-0 0  9994
2 11561  10.9259 310.5753 0013294  96.4813  76.5521  1.00237086 24746
1 11561U 79087A   20104.03473726 -.00000256  00000-0  00000-0 0  9998
2 11561  10.9249 310.5693 0013315  96.6920 257.6413  1.00236975 24741
1 11561U 79087A   20104.82452420 -.00000255  00000-0  00000-0 0  9992
2 11561  10.9233 310.5600 0013362  97.0776 182.2641  1.00236683 24751
1 11561U 79087A   20105.03968134 -.00000255  00000-0  00000+0 0  9999
2 11561  10.9228 310.5574 0013370  97.1255 259.8619  1.00236670110317
1 11561U 79087A   20105.54224733 -.00000255  00000-0  00000-0 0  9996
2 11561  10.9218 310.5514 0013407  97.3790  80.9683  1.00236490 24764
1 11561U 79087A   20106.04464116 -.00000255  00000-0  00000-0 0  9993
2 11561  10.9208 310.5454 0013429  97.6065 262.0389  1.00236349 24767
1 11561U 79087A   20107.55032095 -.00000255  00000-0  00000+0 0  9996
2 11561  10.9176 310.5275 0013515  98.2402  84.7571  1.00235917110331
1 11561U 79087A   20108.55704920 -.00000255  00000-0  00000-0 0  9991
2 11561  10.9155 310.5155 0013575  98.7625  87.5263  1.00235565 24795
1 11561U 79087A   20109.49029079 -.00000253  00000-0  00000-0 0  9998
2 11561  10.9136 310.5045 0013624  99.2178  63.8458  1.00235312 24801
1 11561U 79087A   20109.56199872 -.00000253  00000-0  00000+0 0  9994
2 11561  10.9134 310.5037 0013629  99.2627  89.6778  1.00235294110350
1 11561U 79087A   20110.01859565 -.00000252  00000-0  00000-0 0  9998
2 11561  10.9125 310.4983 0013647  99.4986 254.2116  1.00235183 24806
1 11561U 79087A   20110.56695630 -.00000250  00000-0  00000-0 0  9997
2 11561  10.9113 310.4919 0013682  99.7637  91.8293  1.00235005 24812
1 11561U 79087A   20110.99760846 -.00000249  00000-0  00000-0 0  9994
2 11561  10.9104 310.4867 0013700  99.9983 247.0011  1.00234894 24819
1 11561U 79087A   20111.57183892 -.00000246  00000-0  00000+0 0  9995
2 11561  10.9092 310.4800 0013735 100.2985  93.9183  1.00234708110377
1 11561U 79087A   20112.00255140 -.00000245  00000-0  00000-0 0  9990
2 11561  10.9083 310.4749 0013754 100.5683 249.0775  1.00234632 24829
1 11561U 79087A   20112.57682523 -.00000242  00000-0  00000-0 0  9998
2 11561  10.9070 310.4682 0013785 100.8271  96.0508  1.00234438 24830
1 11561U 79087A   20113.51001028 -.00000237  00000-0  00000-0 0  9992
2 11561  10.9050 310.4571 0013826 101.3021  72.3258  1.00234196 24841
1 11561U 79087A   20113.80695223 -.00000236  00000-0  00000-0 0  9999
2 11561  10.9044 310.4537 0013846 101.4882 179.2944  1.00234129 24849
1 11561U 79087A   20114.01248906 -.00000234  00000-0  00000+0 0  9992
2 11561  10.9040 310.4512 0013852 101.6218 253.3301  1.00234064110407
1 11561U 79087A   20114.57271725 -.00000231  00000-0  00000-0 0  9996
2 11561  10.9028 310.4446 0013874 101.8254  95.2893  1.00233885 24857
1 11561U 79087A   20115.51994594 -.00000227  00000-0  00000-0 0  9992
2 11561  10.9007 310.4334 0013912 102.3198  76.6122  1.00233675 24862
1 11561U 79087A   20115.83305331 -.00000225  00000-0  00000-0 0  9990
2 11561  10.9001 310.4297 0013930 102.5057 189.4133  1.00233595 24866
1 11561U 79087A   20116.02235649 -.00000224  00000-0  00000+0 0  9994
2 11561  10.8997 310.4274 0013934 102.6150 257.6154  1.00233545110427
1 11561U 79087A   20116.56996392 -.00000222  00000-0  00000-0 0  9991
2 11561  10.8985 310.4209 0013957 102.8875  94.9510  1.00233386 24877
1 11561U 79087A   20116.84594920 -.00000221  00000-0  00000-0 0  9992
2 11561  10.8979 310.4177 0013970 103.0408 194.3879  1.00233298 24879
1 11561U 79087A   20117.51957080 -.00000219  00000-0  00000-0 0  9994
2 11561  10.8965 310.4096 0013989 103.3637  77.1473  1.00233148 24884
1 11561U 79087A   20117.78965424 -.00000219  00000-0  00000-0 0  9994
2 11561  10.8959 310.4064 0013999 103.4928 174.4793  1.00233077 24884
1 11561U 79087A   20118.00952125 -.00000219  00000-0  00000-0 0  9994
2 11561  10.8955 310.4037 0014005 103.5970 253.7152  1.00233021 24886
1 11561U 79087A   20118.80983973 -.00000218  00000-0  00000+0 0  9995
2 11561  10.8938 310.3942 0014032 103.9996 182.1132  1.00232837110448
1 11561U 79087A   20119.02618958 -.00000218  00000-0  00000-0 0  9999
2 11561  10.8933 310.3916 0014040 104.1107 260.0724  1.00232768 24901
1 11561U 79087A   20119.54541059 -.00000218  00000-0  00000-0 0  9993
2 11561  10.8922 310.3854 0014056 104.3825  87.1652  1.00232649 24902
1 11561U 79087A   20120.04210003 -.00000219  00000-0  00000-0 0  9993
2 11561  10.8912 310.3795 0014072 104.6320 266.1472  1.00232510 24913
1 11561U 79087A   20121.04708187 -.00000221  00000-0  00000+0 0  9991
2 11561  10.8892 310.3676 0014097 105.0765 268.3559  1.00232290110475
1 11561U 79087A   20121.57714885 -.00000223  00000-0  00000-0 0  9994
2 11561  10.8881 310.3613 0014107 105.3172  99.3917  1.00232148 24927
1 11561U 79087A   20122.05194510 -.00000225  00000-0  00000-0 0  9997
2 11561  10.8871 310.3557 0014118 105.4895 270.5499  1.00232016 24931
1 11561U 79087A   20122.87840299 -.00000228  00000-0  00000-0 0  9992
2 11561  10.8854 310.3460 0014131 105.8417 208.4264  1.00231793 24935
1 11561U 79087A   20123.48772118 -.00000229  00000-0  00000-0 0  9995
2 11561  10.8842 310.3388 0014149 106.1036  68.0396  1.00231676 24948
1 11561U 79087A   20123.80246861 -.00000230  00000-0  00000+0 0  9993
2 11561  10.8835 310.3351 0014148 106.2234 181.4965  1.00231592110495
1 11561U 79087A   20123.99017005 -.00000231  00000-0  00000-0 0  9991
2 11561  10.8832 310.3329 0014154 106.2874 249.1648  1.00231554 24946
1 11561U 79087A   20124.81646481 -.00000232  00000-0  00000-0 0  9990
2 11561  10.8815 310.3232 0014166 106.6092 187.0104  1.00231305 24951
1 11561U 79087A   20125.49767536 -.00000232  00000-0  00000-0 0  9990
2 11561  10.8801 310.3151 0014185 106.8651  72.5725  1.00231210 24963
1 11561U 79087A   20125.86742500 -.00000231  00000-0  00000+0 0  9993
2 11561  10.8793 310.3108 0014184 106.9735 205.8865  1.00231086110512
1 11561U 79087A   20125.86742500 -.00000231  00000-0  00000-0 0  9994
2 11561  10.8793 310.3108 0014184 106.9735 205.8865  1.00231086 24965
1 11561U 79087A   20126.84176153 -.00000230  00000-0  00000-0 0  9997
2 11561  10.8773 310.2993 0014202 107.3052 197.1426  1.00230833 24978
1 11561U 79087A   20126.99397378 -.00000229  00000-0  00000-0 0  9995
2 11561  10.8770 310.2975 0014206 107.3584 252.0146  1.00230791 24972
1 11561U 79087A   20127.58983896 -.00000228  00000-0  00000-0 0  9996
2 11561  10.8758 310.2904 0014222 107.5681 106.8232  1.00230670 24987
1 11561U 79087A   20128.00994469 -.00000226  00000-0  00000+0 0  9999
2 11561  10.8749 310.2854 0014224 107.6775 258.3082  1.00230579110540
1 11561U 79087A   20128.44079176 -.00000225  00000-0  00000-0 0  9996
2 11561  10.8740 310.2803 0014241 107.8545  53.6025  1.00230497 24996
1 11561U 79087A   20129.01486093 -.00000223  00000-0  00000-0 0  9998
2 11561  10.8728 310.2734 0014246 108.0586 260.5495  1.00230359 25008
1 11561U 79087A   20129.81465469 -.00000220  00000-0  00000-0 0  9997
2 11561  10.8711 310.2639 0014261 108.2857 188.9251  1.00230158 25004
1 11561U 79087A   20130.01978538 -.00000219  00000-0  00000+0 0  9994
2 11561  10.8707 310.2615 0014265 108.3386 262.8914  1.00230079110561
1 11561U 79087A   20130.52236895 -.00000218  00000-0  00000-0 0  9993
2 11561  10.8697 310.2555 0014284 108.5186  84.0679  1.00229983 25012
1 11561U 79087A   20130.82555558 -.00000217  00000-0  00000-0 0  9995
2 11561  10.8690 310.2519 0014283 108.5932 193.3949  1.00229867 25018
1 11561U 79087A   20131.52729425 -.00000216  00000-0  00000-0 0  9998
2 11561  10.8676 310.2434 0014305 108.8188  86.3894  1.00229720 25028
1 11561U 79087A   20131.84074882 -.00000215  00000-0  00000-0 0  9992
2 11561  10.8669 310.2397 0014304 108.9030 199.4128  1.00229631 25021
1 11561U 79087A   20132.61759514 -.00000214  00000-0  00000+0 0  9998
2 11561  10.8653 310.2303 0014328 109.1503 119.4859  1.00229440110582
1 11561U 79087A   20132.61759514 -.00000215  00000-0  00000-0 0  9990
2 11561  10.8653 310.2303 0014328 109.1503 119.4859  1.00229440 25037
1 11561U 79087A   20133.03464069 -.00000214  00000-0  00000-0 0  9994
2 11561  10.8644 310.2253 0014331 109.2565 269.8679  1.00229347 25041
1 11561U 79087A   20133.79775712 -.00000214  00000-0  00000-0 0  9997
2 11561  10.8628 310.2161 0014354 109.5578 184.9323  1.00229173 25043
1 11561U 79087A   20134.47034848 -.00000214  00000-0  00000-0 0  9991
2 11561  10.8614 310.2080 0014378 109.8081  67.3813  1.00229007 25051
1 11561U 79087A   20134.80884116 -.00000213  00000-0  00000+0 0  9997
2 11561  10.8607 310.2039 0014382 109.9633 189.3672  1.00228903110604
1 11561U 79087A   20134.97265860 -.00000213  00000-0  00000-0 0  9995
2 11561  10.8604 310.2020 0014385 110.0187 248.4244  1.00228879 25059
1 11561U 79087A   20135.93685875 -.00000212  00000-0  00000-0 0  9993
2 11561  10.8583 310.1904 0014411 110.3684 235.9984  1.00228673 25065
1 11561U 79087A   20136.48013497 -.00000211  00000-0  00000-0 0  9998
2 11561  10.8572 310.1839 0014430 110.5482  71.8556  1.00228568 25075
1 11561U 79087A   20136.85707456 -.00000210  00000-0  00000+0 0  9992
2 11561  10.8564 310.1794 0014437 110.7406 207.6779  1.00228486110622
1 11561U 79087A   20137.48500881 -.00000208  00000-0  00000-0 0  9993
2 11561  10.8550 310.1719 0014456 110.9616  74.0406  1.00228347 25084
1 11561U 79087A   20137.85070604 -.00000207  00000-0  00000-0 0  9998
2 11561  10.8542 310.1676 0014463 111.1449 205.8145  1.00228255 25084
1 11561U 79087A   20138.75136944 -.00000203  00000-0  00000-0 0  9994
2 11561  10.8523 310.1569 0014488 111.4891 170.4638  1.00228050 25093
1 11561U 79087A   20139.60673792 -.00000198  00000-0  00000-0 0  9999
2 11561  10.8505 310.1467 0014508 111.7991 118.8029  1.00227860 25107
1 11561U 79087A   20139.80955641 -.00000197  00000-0  00000+0 0  9995
2 11561  10.8500 310.1442 0014511 111.9281 191.8596  1.00227851110658
1 11561U 79087A   20140.49979012 -.00000193  00000-0  00000-0 0  9997
2 11561  10.8486 310.1359 0014523 112.1672  80.6844  1.00227751 25114
1 11561U 79087A   20141.50476839 -.00000187  00000-0  00000-0 0  9992
2 11561  10.8464 310.1239 0014545 112.6226  82.8603  1.00227513 25125
1 11561U 79087A   20141.75461017 -.00000186  00000-0  00000-0 0  9990
2 11561  10.8459 310.1210 0014554 112.7398 172.8940  1.00227446 25128
1 11561U 79087A   20141.99232031 -.00000184  00000-0  00000+0 0  9995
2 11561  10.8453 310.1180 0014552 112.8600 258.5480  1.00227399110687
1 11561U 79087A   20142.85136878 -.00000179  00000-0  00000-0 0  9998
2 11561  10.8435 310.1078 0014571 113.2060 208.1770  1.00227225 25135
1 11561U 79087A   20142.93382671 -.00000179  00000-0  00000-0 0  9991
2 11561  10.8433 310.1067 0014570 113.2501 237.8868  1.00227214 25135
1 11561U 79087A   20143.89841660 -.00000174  00000-0  00000-0 0  9990
2 11561  10.8412 310.0951 0014584 113.6770 225.5186  1.00227052 25148
1 11561U 79087A   20143.94531396 -.00000174  00000-0  00000-0 0  9998
2 11561  10.8411 310.0945 0014584 113.6910 242.4270  1.00227049 25144
1 11561U 79087A   20145.45281410 -.00000169  00000-0  00000-0 0  9999
2 11561  10.8379 310.0762 0014600 114.3632  65.7124  1.00226759110711
1 11561U 79087A   20146.96011406 -.00000169  00000-0  00000-0 0  9992
2 11561  10.8348 310.0578 0014608 115.0056 248.9548  1.00226504 25187
1 11561U 79087A   20147.81669562 -.00000170  00000-0  00000+0 0  9990
2 11561  10.8330 310.0475 0014608 115.4068 197.6359  1.00226337110731
1 11561U 79087A   20148.46758767 -.00000171  00000-0  00000-0 0  9990
2 11561  10.8316 310.0396 0014612 115.7235  72.1824  1.00226229 25190
1 11561U 79087A   20148.72162307 -.00000172  00000-0  00000-0 0  9999
2 11561  10.8311 310.0365 0014607 115.8339 163.7362  1.00226187 25198
1 11561U 79087A   20149.45898970 -.00000174  00000-0  00000-0 0  9994
2 11561  10.8296 310.0276 0014609 116.1481  69.4866  1.00226043 25209
1 11561U 79087A   20149.97487359 -.00000175  00000-0  00000+0 0  9996
2 11561  10.8285 310.0215 0014602 116.3313 255.4518  1.00225996110762
1 11561U 79087A   20150.54792325 -.00000177  00000-0  00000-0 0  9996
2 11561  10.8273 310.0146 0014598 116.5951 101.9624  1.00225898 25215
1 11561U 79087A   20151.41062302 -.00000179  00000-0  00000-0 0  9990
2 11561  10.8255 310.0042 0014595 116.9571  52.8877  1.00225724 25222
1 11561U 79087A   20151.48234911 -.00000179  00000-0  00000-0 0  9994
2 11561  10.8254 310.0034 0014593 116.9917  78.7344  1.00225720 25226
1 11561U 79087A   20151.80588149 -.00000179  00000-0  00000-0 0  9995
2 11561  10.8247 309.9995 0014584 117.1470 195.3207  1.00225701 25221
1 11561U 79087A   20152.48728663 -.00000179  00000-0  00000+0 0  9996
2 11561  10.8233 309.9913 0014587 117.5151  80.8244  1.00225596110786
1 11561U 79087A   20153.72338192 -.00000177  00000-0  00000-0 0  9997
2 11561  10.8207 309.9764 0014572 117.9882 166.3687  1.00225341 25245
1 11561U 79087A   20154.42545090 -.00000176  00000-0  00000-0 0  9991
2 11561  10.8192 309.9679 0014571 118.2543  59.4306  1.00225252 25252
1 11561U 79087A   20154.82431191 -.00000174  00000-0  00000-0 0  9999
2 11561  10.8184 309.9631 0014559 118.4119 203.1944  1.00225210 25258
1 11561U 79087A   20154.92786635 -.00000174  00000-0  00000+0 0  9995
2 11561  10.8182 309.9618 0014558 118.4490 240.5234  1.00225211110817
1 11561U 79087A   20155.43040285 -.00000172  00000-0  00000-0 0  9995
2 11561  10.8171 309.9557 0014560 118.6832  61.6165  1.00225075 25269
1 11561U 79087A   20156.81539749 -.00000167  00000-0  00000-0 0  9990
2 11561  10.8142 309.9388 0014541 119.2488 200.7967  1.00224876 25277
1 11561U 79087A   20157.06104008 -.00000166  00000-0  00000+0 0  9992
2 11561  10.8137 309.9359 0014539 119.3493 289.3320  1.00224870110830
1 11561U 79087A   20157.69253701 -.00000164  00000-0  00000-0 0  9995
2 11561  10.8124 309.9282 0014537 119.6040 156.9376  1.00224739 25288
1 11561U 79087A   20158.60261128 -.00000162  00000-0  00000-0 0  9997
2 11561  10.8105 309.9170 0014536 119.9689 124.9494  1.00224533 25293
1 11561U 79087A   20159.45009872 -.00000161  00000-0  00000-0 0  9996
2 11561  10.8088 309.9065 0014532 120.3575  70.3569  1.00224405 25309
1 11561U 79087A   20159.45009872 -.00000161  00000-0  00000-0 0  9996
2 11561  10.8088 309.9065 0014532 120.3575  70.3569  1.00224405110854
1 11561U 79087A   20160.38328608 -.00000160  00000-0  00000-0 0  9990
2 11561  10.8068 309.8951 0014528 120.7654  46.6690  1.00224308 25311
1 11561U 79087A   20160.88576826 -.00000159  00000-0  00000-0 0  9990
2 11561  10.8057 309.8889 0014521 120.9871 227.7557  1.00224236 25319
1 11561U 79087A   20161.45991203 -.00000159  00000-0  00000-0 0  9994
2 11561  10.8045 309.8819 0014528 121.2471  74.6596  1.00224106 25325
1 11561U 79087A   20161.57480340 -.00000159  00000-0  00000+0 0  9991
2 11561  10.8043 309.8805 0014527 121.2747 116.0864  1.00224059110874
1 11561U 79087A   20161.93938191 -.00000159  00000-0  00000-0 0  9994
2 11561  10.8035 309.8760 0014523 121.4850 247.4249  1.00224009 25335
1 11561U 79087A   20162.72920116 -.00000158  00000-0  00000-0 0  9999
2 11561  10.8019 309.8664 0014524 121.9167 171.9807  1.00223929 25338
1 11561U 79087A   20162.83855792 -.00000158  00000-0  00000-0 0  9998
2 11561  10.8016 309.8650 0014521 121.9618 211.3947  1.00223927 25330
1 11561U 79087A   20163.84168774 -.00000156  00000-0  00000-0 0  9995
2 11561  10.7995 309.8527 0014523 122.4085 212.9027  1.00223829 25342
1 11561U 79087A   20163.90050179 -.00000155  00000-0  00000+0 0  9999
2 11561  10.7994 309.8520 0014523 122.4368 234.0954  1.00223812110901
1 11561U 79087A   20164.86520693 -.00000152  00000-0  00000-0 0  9996
2 11561  10.7973 309.8402 0014523 122.9048 221.7137  1.00223644 25350
1 11561U 79087A   20165.54119410 -.00000149  00000-0  00000-0 0  9999
2 11561  10.7959 309.8320 0014527 123.2409 105.2875  1.00223513 25363
1 11561U 79087A   20165.97532209 -.00000147  00000-0  00000+0 0  9998
2 11561  10.7949 309.8266 0014518 123.5128 261.6613  1.00223532110927
1 11561U 79087A   20166.55410456 -.00000144  00000-0  00000-0 0  9990
2 11561  10.7937 309.8196 0014523 123.7645 110.2462  1.00223431 25371
1 11561U 79087A   20167.57421826 -.00000138  00000-0  00000-0 0  9999
2 11561  10.7915 309.8072 0014522 124.3124 117.7756  1.00223269 25386
1 11561U 79087A   20167.87370167 -.00000136  00000-0  00000-0 0  9991
2 11561  10.7909 309.8034 0014518 124.5124 225.6372  1.00223277 25386
1 11561U 79087A   20167.92017205 -.00000136  00000-0  00000-0 0  9998
2 11561  10.7908 309.8029 0014516 124.5447 242.3729  1.00223284 25396
1 11561U 79087A   20168.42274353 -.00000133  00000-0  00000+0 0  9999
2 11561  10.7897 309.7967 0014514 124.7829  63.4720  1.00223194110946
1 11561U 79087A   20168.85344258 -.00000130  00000-0  00000-0 0  9996
2 11561  10.7888 309.7914 0014514 125.0393 218.6219  1.00223176 25399
1 11561U 79087A   20169.39493735 -.00000127  00000-0  00000-0 0  9997
2 11561  10.7876 309.7848 0014507 125.3024  53.7388  1.00223054 25400
1 11561U 79087A   20169.85839948 -.00000124  00000-0  00000-0 0  9995
2 11561  10.7866 309.7792 0014505 125.6147 220.6563  1.00223086 25409
1 11561U 79087A   20170.43262157 -.00000121  00000-0  00000-0 0  9990
2 11561  10.7854 309.7721 0014497 125.8912  67.5696  1.00222991 25410
1 11561U 79087A   20170.75564713 -.00000119  00000-0  00000+0 0  9994
2 11561  10.7847 309.7682 0014498 126.0780 183.9373  1.00222967110968
1 11561U 79087A   20171.43755392 -.00000116  00000-0  00000-0 0  9993
2 11561  10.7832 309.7598 0014488 126.4310  69.6299  1.00222892 25420
1 11561U 79087A   20172.39146852 -.00000113  00000-0  00000-0 0  9991
2 11561  10.7812 309.7480 0014472 126.9804  53.2735  1.00222840 25432
1 11561U 79087A   20172.87311118 -.00000112  00000-0  00000+0 0  9991
2 11561  10.7802 309.7420 0014465 127.2729 226.7668  1.00222791110990
1 11561U 79087A   20172.87311118 -.00000112  00000-0  00000-0 0  9992
2 11561  10.7802 309.7420 0014465 127.2729 226.7668  1.00222791 25434
1 11561U 79087A   20173.39771632 -.00000111  00000-0  00000-0 0  9990
2 11561  10.7791 309.7356 0014454 127.5619  55.7627  1.00222664 25443
1 11561U 79087A   20173.87810227 -.00000111  00000-0  00000-0 0  9997
2 11561  10.7781 309.7296 0014445 127.8124 228.8455  1.00222645 25440
1 11561U 79087A   20174.03438137 -.00000111  00000-0  00000-0 0  9992
2 11561  10.7778 309.7278 0014445 127.8432 285.2040  1.00222653 25455
1 11561U 79087A   20174.61671050 -.00000112  00000-0  00000-0 0  9990
2 11561  10.7766 309.7206 0014431 128.1666 134.9964  1.00222592 25458
1 11561U 79087A   20174.88302229 -.00000112  00000-0  00000+0 0  9997
2 11561  10.7760 309.7173 0014426 128.2782 230.9770  1.00222619111019
1 11561U 79087A   20175.60921375 -.00000113  00000-0  00000-0 0  9999
2 11561  10.7745 309.7083 0014403 128.7285 132.5494  1.00222523 25467
1 11561U 79087A   20176.38035486 -.00000115  00000-0  00000-0 0  9996
2 11561  10.7729 309.6988 0014386 129.1264  50.3935  1.00222458 25479
1 11561U 79087A   20176.98427365 -.00000117  00000-0  00000+0 0  9994
2 11561  10.7716 309.6914 0014364 129.4364 267.9898  1.00222442111039
1 11561U 79087A   20177.39536642 -.00000118  00000-0  00000-0 0  9991
2 11561  10.7708 309.6864 0014352 129.6926  56.0621  1.00222369 25489
1 11561U 79087A   20177.86377234 -.00000119  00000-0  00000-0 0  9994
2 11561  10.7698 309.6806 0014331 129.8950 224.8692  1.00222336 25486
1 11561U 79087A   20177.89762852 -.00000119  00000-0  00000-0 0  9991
2 11561  10.7698 309.6802 0014331 129.9077 237.0727  1.00222341 25495
1 11561U 79087A   20178.83090455 -.00000121  00000-0  00000-0 0  9992
2 11561  10.7679 309.6688 0014296 130.3742 213.3496  1.00222278 25490
1 11561U 79087A   20179.40505149 -.00000121  00000-0  00000+0 0  9996
2 11561  10.7667 309.6618 0014283 130.6418  60.2461  1.00222272111052
1 11561U 79087A   20179.86299534 -.00000122  00000-0  00000-0 0  9996
2 11561  10.7657 309.6563 0014261 130.8171 225.3050  1.00222237 25507
1 11561U 79087A   20179.90746528 -.00000122  00000-0  00000-0 0  9991
2 11561  10.7656 309.6557 0014260 130.8367 241.3306  1.00222228 25518
1 11561U 79087A   20180.84068333 -.00000120  00000-0  00000-0 0  9995
2 11561  10.7637 309.6446 0014214 131.2584 217.6291  1.00222128 25517
1 11561U 79087A   20180.91242562 -.00000120  00000-0  00000-0 0  9991
2 11561  10.7636 309.6437 0014211 131.2885 243.4852  1.00222133 25524
1 11561U 79087A   20181.61018024 -.00000118  00000-0  00000+0 0  9999
2 11561  10.7621 309.6352 0014189 131.5894 134.9471  1.00222092111072
1 11561U 79087A   20182.41981904 -.00000116  00000-0  00000-0 0  9993
2 11561  10.7605 309.6252 0014161 131.9383  66.7305  1.00222050 25537
1 11561U 79087A   20182.85053985 -.00000115  00000-0  00000-0 0  9999
2 11561  10.7596 309.6199 0014137 132.1159 221.9645  1.00222024 25536
1 11561U 79087A   20183.86824654 -.00000111  00000-0  00000+0 0  9995
2 11561  10.7574 309.6073 0014100 132.5491 228.7389  1.00221988111103
1 11561U 79087A   20184.82004887 -.00000108  00000-0  00000-0 0  9997
2 11561  10.7555 309.5955 0014068 132.9482 211.7642  1.00221869 25552
1 11561U 79087A   20185.86534063 -.00000106  00000-0  00000-0 0  9994
2 11561  10.7533 309.5825 0014028 133.4133 228.4580  1.00221801 25573
1 11561U 79087A   20186.35257748 -.00000105  00000-0  00000+0 0  9999
2 11561  10.7523 309.5764 0014021 133.5662  44.1056  1.00221705111126
1 11561U 79087A   20186.87022479 -.00000104  00000-0  00000-0 0  9997
2 11561  10.7512 309.5699 0013995 133.8217 230.6283  1.00221732 25587
1 11561U 79087A   20187.86664363 -.00000104  00000-0  00000-0 0  9991
2 11561  10.7491 309.5575 0013964 134.2747 229.6993  1.00221666 25598
1 11561U 79087A   20188.87682087 -.00000104  00000-0  00000-0 0  9996
2 11561  10.7470 309.5449 0013936 134.7044 233.7575  1.00221603 25604
1 11561U 79087A   20189.02510632 -.00000103  00000-0  00000+0 0  9998
2 11561  10.7467 309.5431 0013939 134.6824 287.2847  1.00221633111154
1 11561U 79087A   20189.34979858 -.00000103  00000-0  00000-0 0  9993
2 11561  10.7460 309.5391 0013934 134.8352  44.2874  1.00221645 25603
1 11561U 79087A   20189.88497590 -.00000103  00000-0  00000-0 0  9990
2 11561  10.7449 309.5324 0013917 135.0811 237.1406  1.00221586 25619
1 11561U 79087A   20190.57294767 -.00000102  00000-0  00000-0 0  9998
2 11561  10.7435 309.5239 0013903 135.3854 125.0657  1.00221512 25616
1 11561U 79087A   20190.88996527 -.00000101  00000-0  00000-0 0  9994
2 11561  10.7428 309.5200 0013889 135.5539 239.2824  1.00221513 25627
1 11561U 79087A   20191.39241247 -.00000100  00000-0  00000+0 0  9991
2 11561  10.7418 309.5138 0013878 135.7872  60.3392  1.00221477111174
1 11561U 79087A   20191.39241247 -.00000100  00000-0  00000-0 0  9992
2 11561  10.7418 309.5138 0013878 135.7872  60.3392  1.00221477 25628
1 11561U 79087A   20192.39740163 -.00000097  00000-0  00000-0 0  9999
2 11561  10.7397 309.5014 0013852 136.2516  62.4911  1.00221463 25636
1 11561U 79087A   20192.77694969 -.00000096  00000-0  00000-0 0  9992
2 11561  10.7389 309.4967 0013841 136.4827 199.2085  1.00221495 25634
1 11561U 79087A   20193.82140810 -.00000090  00000-0  00000-0 0  9994
2 11561  10.7367 309.4838 0013816 136.9759 215.5693  1.00221417 25640
1 11561U 79087A   20193.82140810 -.00000090  00000-0  00000-0 0  9994
2 11561  10.7367 309.4838 0013816 136.9759 215.5693  1.00221417111208
1 11561U 79087A   20194.62328365 -.00000086  00000-0  00000-0 0  9991
2 11561  10.7350 309.4740 0013803 137.2766 144.5966  1.00221381 25657
1 11561U 79087A   20195.07378719 -.00000083  00000-0  00000-0 0  9996
2 11561  10.7340 309.4683 0013783 137.5231 306.8991  1.00221401 25664
1 11561U 79087A   20195.84280750 -.00000078  00000-0  00000+0 0  9991
2 11561  10.7324 309.4588 0013769 137.8886 224.0068  1.00221366111227
1 11561U 79087A   20196.84775760 -.00000073  00000-0  00000-0 0  9998
2 11561  10.7303 309.4464 0013742 138.3670 226.1293  1.00221361 25687
1 11561U 79087A   20197.81488167 -.00000067  00000-0  00000-0 0  9991
2 11561  10.7282 309.4343 0013712 138.8311 214.6198  1.00221404 25687
1 11561U 79087A   20198.85761712 -.00000063  00000-0  00000+0 0  9991
2 11561  10.7260 309.4214 0013677 139.3691 230.3139  1.00221352111258
1 11561U 79087A   20199.58018955 -.00000061  00000-0  00000-0 0  9995
2 11561  10.7245 309.4124 0013649 139.7319 130.6654  1.00221336 25701
1 11561U 79087A   20199.79080302 -.00000060  00000-0  00000-0 0  9992
2 11561  10.7241 309.4098 0013640 139.8493 206.5408  1.00221351 25709
1 11561U 79087A   20200.86744341 -.00000059  00000-0  00000+0 0  9990
2 11561  10.7219 309.3964 0013598 140.3657 234.4939  1.00221397111273
1 11561U 79087A   20200.86744341 -.00000059  00000-0  00000-0 0  9991
2 11561  10.7219 309.3964 0013598 140.3657 234.4939  1.00221397 25727
1 11561U 79087A   20201.32965917 -.00000059  00000-0  00000-0 0  9997
2 11561  10.7209 309.3906 0013583 140.5748  41.0604  1.00221429 25726
1 11561U 79087A   20201.94150593 -.00000060  00000-0  00000-0 0  9993
2 11561  10.7196 309.3830 0013557 140.8724 261.5265  1.00221442 25733
1 11561U 79087A   20202.32827081 -.00000060  00000-0  00000-0 0  9999
2 11561  10.7188 309.3782 0013544 141.0370  40.9133  1.00221463 25732
1 11561U 79087A   20202.91176203 -.00000061  00000-0  00000+0 0  9997
2 11561  10.7176 309.3710 0013511 141.3416 251.1388  1.00221416111291
1 11561U 79087A   20202.91176203 -.00000062  00000-0  00000-0 0  9999
2 11561  10.7176 309.3710 0013511 141.3416 251.1388  1.00221416 25745
1 11561U 79087A   20203.64916983 -.00000064  00000-0  00000-0 0  9999
2 11561  10.7161 309.3620 0013472 141.7133 156.8336  1.00221392 25742
1 11561U 79087A   20204.32896464 -.00000066  00000-0  00000-0 0  9998
2 11561  10.7147 309.3535 0013463 141.8547  41.9755  1.00221482 25751
1 11561U 79087A   20204.81545390 -.00000067  00000-0  00000-0 0  9992
2 11561  10.7137 309.3476 0013434 142.0293 217.3335  1.00221486 25750
1 11561U 79087A   20204.98695197 -.00000067  00000-0  00000+0 0  9990
2 11561  10.7134 309.3454 0013431 142.0789 279.1638  1.00221514111312
1 11561U 79087A   20205.58361212 -.00000069  00000-0  00000-0 0  9998
2 11561  10.7122 309.3381 0013389 142.3910 134.1350  1.00221498 25764
1 11561U 79087A   20205.90748749 -.00000070  00000-0  00000-0 0  9990
2 11561  10.7115 309.3342 0013374 142.4947 250.8890  1.00221481 25776
1 11561U 79087A   20206.94428492 -.00000071  00000-0  00000-0 0  9996
2 11561  10.7094 309.3216 0013315 142.9333 264.5423  1.00221495 25781
1 11561U 79087A   20207.03480010 -.00000071  00000-0  00000+0 0  9990
2 11561  10.7092 309.3205 0013309 142.9950 297.1394  1.00221491111337
1 11561U 79087A   20207.80323109 -.00000071  00000-0  00000-0 0  9991
2 11561  10.7077 309.3111 0013256 143.3166 214.0799  1.00221512 25785
1 11561U 79087A   20208.03143294 -.00000071  00000-0  00000-0 0  9992
2 11561  10.7072 309.3083 0013245 143.4087 296.3286  1.00221577 25795
1 11561U 79087A   20208.83511015 -.00000069  00000-0  00000-0 0  9997
2 11561  10.7055 309.2984 0013190 143.7359 225.9821  1.00221627 25800
1 11561U 79087A   20208.94202470 -.00000069  00000-0  00000-0 0  9991
2 11561  10.7053 309.2971 0013183 143.7989 264.4944  1.00221607 25807
1 11561U 79087A   20209.84002788 -.00000066  00000-0  00000-0 0  9998
2 11561  10.7034 309.2861 0013126 144.1406 228.1650  1.00221596 25819
1 11561U 79087A   20210.01001010 -.00000066  00000-0  00000-0 0  9996
2 11561  10.7031 309.2840 0013112 144.2450 289.3916  1.00221577 25811
1 11561U 79087A   20210.77327353 -.00000064  00000-0  00000-0 0  9998
2 11561  10.7015 309.2745 0013063 144.5469 204.4881  1.00221612 25814
1 11561U 79087A   20211.08290344 -.00000063  00000-0  00000-0 0  9991
2 11561  10.7009 309.2707 0013048 144.6356 316.1190  1.00221633 25822
1 11561U 79087A   20211.78510410 -.00000061  00000-0  00000+0 0  9994
2 11561  10.6995 309.2620 0012998 144.9435 209.1785  1.00221697111381
1 11561U 79087A   20211.84384628 -.00000061  00000-0  00000-0 0  9992
2 11561  10.6993 309.2612 0012994 144.9616 230.3556  1.00221701 25839
1 11561U 79087A   20212.09150115 -.00000060  00000-0  00000-0 0  9991
2 11561  10.6988 309.2582 0012984 145.0325 319.6430  1.00221727 25837
1 11561U 79087A   20212.73167411 -.00000059  00000-0  00000-0 0  9997
2 11561  10.6975 309.2502 0012938 145.2790 190.3813  1.00221735 25830
1 11561U 79087A   20212.85448559 -.00000059  00000-0  00000-0 0  9995
2 11561  10.6973 309.2486 0012927 145.3154 234.6564  1.00221718 25849
1 11561U 79087A   20213.79563547 -.00000058  00000-0  00000-0 0  9993
2 11561  10.6953 309.2369 0012873 145.6692 213.8848  1.00221746 25842
1 11561U 79087A   20213.80964490 -.00000058  00000-0  00000+0 0  9996
2 11561  10.6953 309.2367 0012873 145.6618 218.9476  1.00221761111406
1 11561U 79087A   20214.79632678 -.00000058  00000-0  00000-0 0  9996
2 11561  10.6933 309.2244 0012820 146.0242 214.5947  1.00221759 25864
1 11561U 79087A   20214.84593309 -.00000058  00000-0  00000-0 0  9999
2 11561  10.6932 309.2238 0012817 146.0367 232.4821  1.00221785 25869
1 11561U 79087A   20215.89204360 -.00000058  00000-0  00000+0 0  9990
2 11561  10.6910 309.2108 0012761 146.4345 249.5392  1.00221852111424
1 11561U 79087A   20216.80268888 -.00000058  00000-0  00000-0 0  9998
2 11561  10.6892 309.1996 0012715 146.7943 217.7540  1.00221859 25886
1 11561U 79087A   20217.80014628 -.00000058  00000-0  00000-0 0  9990
2 11561  10.6871 309.1873 0012668 147.1813 217.2675  1.00221940 25891
1 11561U 79087A   20218.03867781 -.00000057  00000-0  00000-0 0  9991
2 11561  10.6866 309.1843 0012654 147.2744 303.2403  1.00221949111442
1 11561U 79087A   20218.80119098 -.00000056  00000-0  00000-0 0  9996
2 11561  10.6850 309.1750 0012620 147.5845 218.0576  1.00221983 25907
1 11561U 79087A   20219.81737994 -.00000053  00000-0  00000-0 0  9996
2 11561  10.6829 309.1625 0012577 147.9654 224.3346  1.00222041 25919
1 11561U 79087A   20220.75065583 -.00000049  00000-0  00000+0 0  9993
2 11561  10.6810 309.1511 0012537 148.3296 200.7130  1.00222120111470
1 11561U 79087A   20220.84319698 -.00000049  00000-0  00000-0 0  9993
2 11561  10.6808 309.1499 0012532 148.3763 234.0570  1.00222136 25925
1 11561U 79087A   20221.82728090 -.00000044  00000-0  00000-0 0  9997
2 11561  10.6787 309.1378 0012486 148.8007 228.7073  1.00222212 25935
1 11561U 79087A   20222.78076272 -.00000038  00000-0  00000+0 0  9993
2 11561  10.6768 309.1262 0012446 149.1832 212.3570  1.00222272111496
1 11561U 79087A   20222.86333587 -.00000038  00000-0  00000-0 0  9998
2 11561  10.6766 309.1252 0012440 149.2290 242.1036  1.00222247 25940
1 11561U 79087A   20224.77031219 -.00000028  00000-0  00000-0 0  9996
2 11561  10.6726 309.1017 0012340 150.0890 209.3167  1.00222453 25950
1 11561U 79087A   20225.74980028 -.00000023  00000-0  00000+0 0  9999
2 11561  10.6705 309.0897 0012293 150.5153 202.3050  1.00222473111521
1 11561U 79087A   20226.74980017 -.00000020  00000-0  00000-0 0  9996
2 11561  10.6685 309.0774 0012234 150.9694 202.6751  1.00222699 25975
1 11561U 79087A   20226.84627684 -.00000020  00000-0  00000-0 0  9995
2 11561  10.6683 309.0762 0012223 151.0472 237.4066  1.00222680 25980
1 11561U 79087A   20227.74980036 -.00000018  00000-0  00000+0 0  9994
2 11561  10.6664 309.0651 0012168 151.4631 202.9953  1.00222669111542
1 11561U 79087A   20228.10103507 -.00000019  00000-0  00000-0 0  9997
2 11561  10.6657 309.0608 0012189 151.3719 329.8227  1.00222795 25991
1 11561U 79087A   20228.78996446 -.00000019  00000-0  00000-0 0  9993
2 11561  10.6643 309.0523 0012143 151.6816 218.0937  1.00222895 26004
1 11561U 79087A   20229.79489514 -.00000021  00000-0  00000+0 0  9990
2 11561  10.6623 309.0400 0012071 152.1348 220.2397  1.00222997111566
1 11561U 79087A   20229.84251528 -.00000021  00000-0  00000-0 0  9999
2 11561  10.6622 309.0394 0012068 152.1531 237.4041  1.00223013 26018
1 11561U 79087A   20230.79984442 -.00000024  00000-0  00000-0 0  9996
2 11561  10.6603 309.0278 0011995 152.6050 222.3753  1.00223090 26026
1 11561U 79087A   20230.99298458 -.00000025  00000-0  00000-0 0  9994
2 11561  10.6599 309.0254 0011998 152.5998 292.0713  1.00223160 26025
1 11561U 79087A   20231.80476844 -.00000027  00000-0  00000+0 0  9993
2 11561  10.6583 309.0155 0011938 152.9184 224.6601  1.00223214111586
1 11561U 79087A   20232.75683581 -.00000030  00000-0  00000-0 0  9991
2 11561  10.6564 309.0040 0011875 153.2533 207.8556  1.00223421 26048
1 11561U 79087A   20233.74741830 -.00000033  00000-0  00000-0 0  9996
2 11561  10.6544 308.9921 0011804 153.6183 204.9137  1.00223516 26047
1 11561U 79087A   20234.74979920 -.00000033  00000-0  00000+0 0  9999
2 11561  10.6524 308.9800 0011723 153.9960 206.2200  1.00223696111610
1 11561U 79087A   20234.87485255 -.00000033  00000-0  00000-0 0  9997
2 11561  10.6521 308.9784 0011716 154.0332 251.3044  1.00223704 26066
1 11561U 79087A   20235.75267942 -.00000033  00000-0  00000-0 0  9996
2 11561  10.6503 308.9679 0011644 154.3351 207.7397  1.00223738 26077
1 11561U 79087A   20235.82144058 -.00000033  00000-0  00000-0 0  9996
2 11561  10.6502 308.9670 0011638 154.3601 232.5248  1.00223736 26077
1 11561U 79087A   20236.75764933 -.00000031  00000-0  00000+0 0  9996
2 11561  10.6483 308.9557 0011565 154.6691 210.0239  1.00223900111631
1 11561U 79087A   20237.76253853 -.00000028  00000-0  00000-0 0  9999
2 11561  10.6463 308.9435 0011481 154.9933 212.2881  1.00224031 26091
1 11561U 79087A   20238.76748135 -.00000026  00000-0  00000+0 0  9999
2 11561  10.6442 308.9313 0011388 155.3790 214.5109  1.00224169111652
1 11561U 79087A   20238.81025431 -.00000026  00000-0  00000-0 0  9993
2 11561  10.6441 308.9308 0011386 155.3860 229.9371  1.00224167 26105
1 11561U 79087A   20239.80653797 -.00000024  00000-0  00000-0 0  9993
2 11561  10.6421 308.9186 0011300 155.7362 229.0716  1.00224303 26111
1 11561U 79087A   20240.80196078 -.00000024  00000-0  00000-0 0  9999
2 11561  10.6401 308.9064 0011241 155.9489 228.0335  1.00224443 26122
1 11561U 79087A   20241.07179410 -.00000023  00000-0  00000-0 0  9999
2 11561  10.6396 308.9031 0011172 156.2713 325.0718  1.00224437111677
1 11561U 79087A   20242.73799351 -.00000024  00000-0  00000-0 0  9996
2 11561  10.6362 308.8828 0011047 156.8075 205.7404  1.00224558 26148
1 11561U 79087A   20243.72040525 -.00000025  00000-0  00000+0 0  9998
2 11561  10.6341 308.8708 0010984 157.0945 199.9403  1.00224845111709
1 11561U 79087A   20244.10391508 -.00000025  00000-0  00000-0 0  9992
2 11561  10.6333 308.8661 0010954 157.2183 338.1971  1.00224902 26156
1 11561U 79087A   20244.72519013 -.00000026  00000-0  00000-0 0  9994
2 11561  10.6320 308.8586 0010901 157.4774 202.1139  1.00225053 26152
1 11561U 79087A   20245.93676302 -.00000024  00000-0  00000+0 0  9990
2 11561  10.6295 308.8440 0010815 157.8874 278.8694  1.00225150111723
1 11561U 79087A   20246.76016573 -.00000023  00000-0  00000-0 0  9990
2 11561  10.6278 308.8341 0010760 158.1759 215.6872  1.00225257 26189
1 11561U 79087A   20247.90403049 -.00000019  00000-0  00000-0 0  9990
2 11561  10.6254 308.8204 0010659 158.6603 267.9433  1.00225475 26197
1 11561U 79087A   20248.17078993 -.00000017  00000-0  00000+0 0  9993
2 11561  10.6248 308.8172 0010650 158.6863   4.1729  1.00225545111746
1 11561U 79087A   20248.74495411 -.00000015  00000-0  00000-0 0  9993
2 11561  10.6236 308.8103 0010620 158.8847 211.1480  1.00225593 26201
1 11561U 79087A   20248.97284042 -.00000014  00000-0  00000-0 0  9993
2 11561  10.6232 308.8076 0010602 158.9754 293.2849  1.00225625 26200
1 11561U 79087A   20249.74988553 -.00000010  00000-0  00000-0 0  9993
2 11561  10.6215 308.7983 0010553 159.2479 213.3944  1.00225778 26219
1 11561U 79087A   20249.97268197 -.00000008  00000-0  00000-0 0  9990
2 11561  10.6210 308.7956 0010535 159.3358 293.6992  1.00225848 26213
1 11561U 79087A   20250.85183240 -.00000003  00000-0  00000+0 0  9998
2 11561  10.6192 308.7851 0010478 159.6557 250.6026  1.00225976111775
1 11561U 79087A   20251.75972059  .00000001  00000-0  00000-0 0  9990
2 11561  10.6173 308.7741 0010417 159.9812 217.8719  1.00226150 26237
1 11561U 79087A   20254.20465934  .00000010  00000-0  00000+0 0  9991
2 11561  10.6122 308.7447 0010220 160.9535  19.1104  1.00226567111801
1 11561U 79087A   20254.70280816  .00000010  00000-0  00000-0 0  9991
2 11561  10.6111 308.7387 0010176 161.1711 198.6437  1.00226708 26254
1 11561U 79087A   20255.70769904  .00000011  00000-0  00000-0 0  9993
2 11561  10.6091 308.7267 0010091 161.5842 200.8296  1.00226911 26270
1 11561U 79087A   20256.19632824  .00000010  00000-0  00000-0 0  9996
2 11561  10.6081 308.7208 0010031 161.8217  16.9072  1.00227030 26278
1 11561U 79087A   20256.71249976  .00000009  00000-0  00000+0 0  9993
2 11561  10.6070 308.7146 0009984 161.9964 202.9846  1.00227111111835
1 11561U 79087A   20257.71735892  .00000006  00000-0  00000-0 0  9999
2 11561  10.6050 308.7026 0009887 162.4192 205.1508  1.00227316 26293
1 11561U 79087A   20258.14814072  .00000005  00000-0  00000-0 0  9994
2 11561  10.6041 308.6974 0009838 162.6856   0.3237  1.00227357 26298
1 11561U 79087A   20258.72231307  .00000003  00000-0  00000-0 0  9990
2 11561  10.6029 308.6906 0009773 162.9021 207.2909  1.00227501111856
1 11561U 79087A   20259.72720782 -.00000001  00000-0  00000-0 0  9990
2 11561  10.6008 308.6787 0009676 163.2966 209.5012  1.00227744 26319
1 11561U 79087A   20260.15797503 -.00000002  00000-0  00000-0 0  9995
2 11561  10.6000 308.6735 0009642 163.5018   4.7328  1.00227839 26318
1 11561U 79087A   20261.12350340 -.00000004  00000-0  00000+0 0  9998
2 11561  10.5980 308.6620 0009538 163.8704 352.7632  1.00228027111876
1 11561U 79087A   20262.16776156 -.00000005  00000-0  00000-0 0  9992
2 11561  10.5959 308.6496 0009424 164.2506   9.1915  1.00228236 26337
1 11561U 79087A   20262.67029946 -.00000005  00000-0  00000-0 0  9996
2 11561  10.5949 308.6437 0009357 164.4095 190.3697  1.00228370 26330
1 11561U 79087A   20262.85241111 -.00000005  00000-0  00000-0 0  9996
2 11561  10.5945 308.6415 0009339 164.4772 256.0143  1.00228396 26349
1 11561U 79087A   20264.17688258 -.00000003  00000-0  00000+0 0  9997
2 11561  10.5918 308.6257 0009188 164.9562  13.4620  1.00228771111906
1 11561U 79087A   20264.99272157 -.00000001  00000-0  00000-0 0  9993
2 11561  10.5901 308.6160 0009099 165.1920 307.6125  1.00228889 26366
1 11561U 79087A   20266.18452065  .00000002  00000-0  00000+0 0  9993
2 11561  10.5876 308.6018 0008966 165.5715  17.2820  1.00229090111925
1 11561U 79087A   20266.68993056  .00000002  00000-0  00000-0 0  9999
2 11561  10.5866 308.5958 0008895 165.7460 199.4829  1.00229233 26382
1 11561U 79087A   20267.16993913  .00000003  00000-0  00000-0 0  9996
2 11561  10.5856 308.5901 0008845 165.8869  12.5490  1.00229325 26389
1 11561U 79087A   20267.62320122  .00000003  00000-0  00000-0 0  9993
2 11561  10.5847 308.5846 0008789 166.0260 175.9675  1.00229430 26388
1 11561U 79087A   20268.17549414  .00000003  00000-0  00000-0 0  9991
2 11561  10.5835 308.5779 0008732 166.1653  15.1193  1.00229546 26394
1 11561U 79087A   20268.70192326  .00000003  00000-0  00000+0 0  9995
2 11561  10.5824 308.5717 0008670 166.2889 204.9546  1.00229647111956
1 11561U 79087A   20269.13053028  .00000003  00000-0  00000-0 0  9999
2 11561  10.5816 308.5666 0008621 166.4086 359.4956  1.00229752 26400
1 11561U 79087A   20269.84160848  .00000002  00000-0  00000-0 0  9995
2 11561  10.5801 308.5581 0008541 166.5964 255.8969  1.00229897 26411
1 11561U 79087A   20270.13548791  .00000002  00000-0  00000-0 0  9996
2 11561  10.5795 308.5545 0008514 166.6803   1.8580  1.00229968 26413
1 11561U 79087A   20270.70958719  .00000001  00000-0  00000+0 0  9992
2 11561  10.5783 308.5477 0008451 166.8489 208.8521  1.00230112111979
1 11561U 79087A   20271.06515484  .00000001  00000-0  00000-0 0  9991
2 11561  10.5775 308.5434 0008421 166.9171 337.0891  1.00230201 26428
1 11561U 79087A   20271.71451359  .00000000  00000-0  00000-0 0  9992
2 11561  10.5762 308.5357 0008356 167.1052 211.2211  1.00230365 26437
1 11561U 79087A   20272.16299505  .00000000  00000-0  00000-0 0  9995
2 11561  10.5752 308.5304 0008308 167.2249  12.9324  1.00230426 26433
1 11561U 79087A   20272.74777341  .00000001  00000-0  00000-0 0  9999
2 11561  10.5740 308.5235 0008247 167.4023 223.7711  1.00230560 26449
1 11561U 79087A   20273.07667185  .00000001  00000-0  00000+0 0  9999
2 11561  10.5733 308.5196 0008212 167.4840 342.3703  1.00230611111997
1 11561U 79087A   20273.15021542  .00000001  00000-0  00000-0 0  9990
2 11561  10.5731 308.5187 0008202 167.5114   8.8800  1.00230608 26442
1 11561U 79087A   20273.74199785  .00000002  00000-0  00000-0 0  9991
2 11561  10.5719 308.5118 0008147 167.7060 222.2287  1.00230735 26455
1 11561U 79087A   20274.15511479  .00000003  00000-0  00000-0 0  9996
2 11561  10.5710 308.5069 0008107 167.7841  11.2243  1.00230865 26456
1 11561U 79087A   20274.63521666  .00000005  00000-0  00000-0 0  9990
2 11561  10.5700 308.5013 0008065 167.9390 184.3130  1.00230958 26458
1 11561U 79087A   20275.73367712  .00000010  00000-0  00000+0 0  9997
2 11561  10.5676 308.4884 0007965 168.2506 220.3824  1.00231282112027
1 11561U 79087A   20276.16496965  .00000012  00000-0  00000-0 0  9991
2 11561  10.5667 308.4832 0007910 168.3686  15.8951  1.00231367 26475
1 11561U 79087A   20277.16979737  .00000017  00000-0  00000-0 0  9990
2 11561  10.5645 308.4714 0007819 168.6564  18.1996  1.00231607 26489
1 11561U 79087A   20278.60555593  .00000025  00000-0  00000+0 0  9998
2 11561  10.5614 308.4545 0007696 169.0722 175.8808  1.00231993112051
1 11561U 79087A   20279.10802122  .00000027  00000-0  00000-0 0  9990
2 11561  10.5603 308.4485 0007636 169.2655 357.0035  1.00232133 26500
1 11561U 79087A   20279.61049998  .00000030  00000-0  00000-0 0  9994
2 11561  10.5592 308.4426 0007602 169.3783 178.2104  1.00232225 26500
1 11561U 79087A   20280.11297740  .00000032  00000-0  00000-0 0  9993
2 11561  10.5581 308.4366 0007547 169.5628 359.3454  1.00232334 26511
1 11561U 79087A   20280.68707694  .00000034  00000-0  00000+0 0  9990
2 11561  10.5569 308.4298 0007494 169.7359 206.3396  1.00232505112078
1 11561U 79087A   20281.11785933  .00000035  00000-0  00000-0 0  9993
2 11561  10.5560 308.4247 0007437 169.9028   1.6216  1.00232604 26526
1 11561U 79087A   20281.69204620  .00000036  00000-0  00000-0 0  9996
2 11561  10.5547 308.4179 0007383 170.0613 208.6628  1.00232786 26536
1 11561U 79087A   20281.94324170  .00000037  00000-0  00000-0 0  9998
2 11561  10.5542 308.4150 0007358 170.1704 299.1984  1.00232844 26539
1 11561U 79087A   20282.62527348  .00000037  00000-0  00000-0 0  9996
2 11561  10.5527 308.4069 0007291 170.3422 185.1433  1.00233053 26532
1 11561U 79087A   20282.76915442  .00000037  00000-0  00000+0 0  9996
2 11561  10.5524 308.4052 0007275 170.4017 237.0045  1.00233105112095
1 11561U 79087A   20283.63005015  .00000036  00000-0  00000-0 0  9999
2 11561  10.5506 308.3950 0007182 170.6732 187.3916  1.00233295 26542
1 11561U 79087A   20284.13252890  .00000035  00000-0  00000-0 0  9999
2 11561  10.5495 308.3891 0007125 170.8836   8.5033  1.00233413 26554
1 11561U 79087A   20284.91697497  .00000033  00000-0  00000-0 0  9999
2 11561  10.5479 308.3799 0007039 171.1146 291.3454  1.00233606 26569
1 11561U 79087A   20285.03460002  .00000033  00000-0  00000+0 0  9992
2 11561  10.5476 308.3785 0007020 171.1801 333.7258  1.00233639112115
1 11561U 79087A   20285.63985615  .00000031  00000-0  00000-0 0  9999
2 11561  10.5464 308.3715 0006946 171.3491 191.9715  1.00233857 26576
1 11561U 79087A   20286.11033578  .00000029  00000-0  00000-0 0  9992
2 11561  10.5454 308.3659 0006908 171.5172   1.5793  1.00233968 26573
1 11561U 79087A   20286.64481432  .00000028  00000-0  00000-0 0  9995
2 11561  10.5443 308.3597 0006842 171.6356 194.3345  1.00234144 26586
1 11561U 79087A   20287.12486031  .00000026  00000-0  00000+0 0  9996
2 11561  10.5433 308.3541 0006794 171.8232   7.3749  1.00234248112138
1 11561U 79087A   20287.57796493  .00000025  00000-0  00000-0 0  9991
2 11561  10.5423 308.3488 0006728 171.9272 170.7805  1.00234403 26583
1 11561U 79087A   20287.62410767  .00000025  00000-0  00000-0 0  9994
2 11561  10.5422 308.3482 0006744 171.9237 187.4340  1.00234386 26584
1 11561U 79087A   20288.15215174  .00000024  00000-0  00000-0 0  9997
2 11561  10.5411 308.3421 0006686 172.1183  17.7896  1.00234529 26594
1 11561U 79087A   20288.65464021  .00000023  00000-0  00000-0 0  9998
2 11561  10.5401 308.3362 0006612 172.2027 199.0381  1.00234749 26603
1 11561U 79087A   20289.15703184  .00000022  00000-0  00000-0 0  9999
2 11561  10.5390 308.3303 0006547 172.3978  20.1334  1.00234806112150
1 11561U 79087A   20289.91400612  .00000022  00000-0  00000-0 0  9993
2 11561  10.5374 308.3214 0006447 172.5356 293.1594  1.00234997 26610
1 11561U 79087A   20290.16195551  .00000023  00000-0  00000-0 0  9996
2 11561  10.5369 308.3186 0006418 172.6311  22.5404  1.00235087 26617
1 11561U 79087A   20290.66447892  .00000023  00000-0  00000-0 0  9999
2 11561  10.5359 308.3127 0006361 172.6950 203.8181  1.00235185 26623
1 11561U 79087A   20291.16687066  .00000024  00000-0  00000+0 0  9994
2 11561  10.5348 308.3069 0006308 172.8200  24.9899  1.00235372112179
1 11561U 79087A   20291.66934970  .00000025  00000-0  00000-0 0  9990
2 11561  10.5338 308.3009 0006236 172.8717 206.2682  1.00235565 26639
1 11561U 79087A   20292.12446611  .00000026  00000-0  00000-0 0  9993
2 11561  10.5328 308.2956 0006185 172.9870  10.3859  1.00235631 26636
1 11561U 79087A   20292.63640449  .00000027  00000-0  00000-0 0  9995
2 11561  10.5317 308.2896 0006114 173.0545 195.0615  1.00235805 26645
1 11561U 79087A   20293.14102466  .00000029  00000-0  00000-0 0  9996
2 11561  10.5307 308.2836 0006055 173.1413  17.0742  1.00235927 26646
1 11561U 79087A   20293.89973653  .00000030  00000-0  00000-0 0  9994
2 11561  10.5291 308.2747 0005960 173.2038 290.8050  1.00236103 26658
1 11561U 79087A   20294.61335313  .00000031  00000-0  00000-0 0  9991
2 11561  10.5276 308.2663 0005870 173.3057 188.2278  1.00236365 26663
1 11561U 79087A   20294.91224836  .00000031  00000-0  00000-0 0  9991
2 11561  10.5269 308.2627 0005838 173.3023 296.0906  1.00236393 26669
1 11561U 79087A   20295.11490062  .00000031  00000-0  00000-0 0  9990
2 11561  10.5265 308.2603 0005813 173.3364   9.1873  1.00236451 26661
1 11561U 79087A   20296.10844626  .00000031  00000-0  00000-0 0  9999
2 11561  10.5244 308.2485 0005696 173.3887   7.6742  1.00236695 26674
1 11561U 79087A   20296.61938457  .00000030  00000-0  00000-0 0  9990
2 11561  10.5233 308.2425 0005628 173.4310 192.0165  1.00236875 26682

